# Stick Analyzer Results
# Test Duration: 10.72 seconds
# Raw Data
# Time,Position
0.00014,0.05029
0.00104,0.05081
0.00201,0.05127
0.00804,0.05322
0.00900,0.05466
0.01005,0.05518
0.01402,0.05566
0.01515,0.05667
0.01606,0.05661
0.01705,0.05667
0.01802,0.05664
0.02007,0.05713
0.02102,0.05710
0.02209,0.05716
0.02301,0.05710
0.02403,0.05811
0.02512,0.05862
0.02602,0.05856
0.02701,0.05862
0.02804,0.05957
0.02904,0.06003
0.03002,0.06009
0.03105,0.06003
0.03202,0.06055
0.03802,0.06152
0.03900,0.06302
0.04002,0.06296
0.04111,0.06302
0.04204,0.06348
0.04302,0.06393
0.04412,0.06445
0.04801,0.06592
0.04902,0.06741
0.05002,0.06689
0.05104,0.06686
0.05202,0.06693
0.05303,0.06686
0.05402,0.06738
0.05504,0.06741
0.05601,0.06735
0.05703,0.06741
0.05800,0.06738
0.06002,0.06689
0.06106,0.06638
0.06210,0.06689
0.06301,0.06741
0.06403,0.06738
0.06501,0.06686
0.06608,0.06693
0.06703,0.06686
0.06802,0.06738
0.06906,0.06741
0.07002,0.06885
0.07102,0.06979
0.07204,0.06985
0.07301,0.06979
0.07407,0.06982
0.08301,0.07031
0.08499,0.06982
0.08799,0.07080
0.08901,0.07132
0.09003,0.07126
0.09104,0.07132
0.09209,0.07129
0.09408,0.07178
0.09502,0.07224
0.09602,0.07230
0.09701,0.07224
0.09807,0.07275
0.09902,0.07327
0.10004,0.07373
0.10202,0.07471
0.10302,0.07516
0.10400,0.07471
0.10505,0.07376
0.10600,0.07370
0.10705,0.07376
0.10802,0.07520
0.10906,0.07614
0.11006,0.07715
0.11107,0.07767
0.11201,0.07861
0.11306,0.07907
0.11405,0.07910
0.11503,0.07959
0.11808,0.08154
0.11907,0.08353
0.12002,0.08398
0.12102,0.08444
0.12207,0.08496
0.12826,0.08691
0.12901,0.08890
0.13002,0.08984
0.13101,0.09030
0.13207,0.09036
0.13313,0.09030
0.13410,0.09082
0.13504,0.09134
0.13615,0.09128
0.13710,0.09134
0.13809,0.09180
0.13911,0.09274
0.14019,0.09326
0.14106,0.09427
0.14205,0.09521
0.14325,0.09567
0.14412,0.09573
0.14529,0.09567
0.14608,0.09570
0.14806,0.09619
0.14909,0.09671
0.15006,0.09619
0.15103,0.09567
0.15206,0.09573
0.15305,0.09567
0.15404,0.09619
0.15510,0.09671
0.15606,0.09665
0.15713,0.09671
0.15819,0.09619
0.15912,0.09567
0.16014,0.09619
0.16114,0.09671
0.16203,0.09665
0.16300,0.09671
0.16403,0.09717
0.16512,0.09811
0.16606,0.09818
0.16702,0.09811
0.16801,0.09863
0.16901,0.09964
0.17009,0.10010
0.17103,0.10056
0.17201,0.10062
0.17302,0.10056
0.17421,0.10059
0.17802,0.10156
0.17902,0.10208
0.18001,0.10254
0.18203,0.10205
0.18304,0.10153
0.18401,0.10205
0.18500,0.10257
0.18601,0.10251
0.18701,0.10257
0.18801,0.10254
0.18920,0.10205
0.19103,0.10153
0.19199,0.10205
0.19299,0.10257
0.19406,0.10303
0.19502,0.10349
0.19602,0.10355
0.19702,0.10349
0.19801,0.10352
0.20002,0.10400
0.20801,0.10449
0.20902,0.10550
0.21001,0.10544
0.21104,0.10550
0.21201,0.10596
0.21305,0.10641
0.21407,0.10596
0.21506,0.10550
0.21604,0.10544
0.21705,0.10550
0.21803,0.10547
0.22003,0.10596
0.22101,0.10641
0.22202,0.10648
0.22304,0.10641
0.22402,0.10693
0.22508,0.10794
0.22603,0.10788
0.22699,0.10794
0.22806,0.10791
0.22903,0.10742
0.23202,0.10693
0.23301,0.10593
0.23408,0.10599
0.23504,0.10593
0.23603,0.10596
0.23800,0.10645
0.24010,0.10693
0.24105,0.10745
0.24199,0.10693
0.24299,0.10641
0.24403,0.10693
0.24499,0.10745
0.24602,0.10739
0.24702,0.10745
0.24800,0.10791
0.25001,0.10840
0.25113,0.10934
0.25202,0.10986
0.25311,0.11087
0.25401,0.11081
0.25501,0.11087
0.25601,0.11084
0.25802,0.11133
0.25902,0.11179
0.26001,0.11133
0.26103,0.11087
0.26201,0.11035
0.26301,0.10983
0.26404,0.10989
0.26503,0.10983
0.26604,0.10986
0.26803,0.11084
0.26906,0.11185
0.27004,0.11230
0.27102,0.11325
0.27200,0.11328
0.27401,0.11426
0.27502,0.11478
0.27605,0.11472
0.27702,0.11478
0.27801,0.11523
0.27902,0.11569
0.28000,0.11621
0.28100,0.11722
0.28206,0.11716
0.28308,0.11722
0.28401,0.11719
0.29002,0.11816
0.29104,0.11862
0.29200,0.11914
0.29408,0.11963
0.29503,0.12064
0.29602,0.12057
0.29702,0.12064
0.29804,0.12158
0.29905,0.12253
0.30002,0.12259
0.30105,0.12253
0.30204,0.12256
0.30307,0.12305
0.30801,0.12402
0.30915,0.12503
0.31013,0.12598
0.31112,0.12643
0.31202,0.12650
0.31309,0.12643
0.31424,0.12646
0.31914,0.12695
0.32014,0.12744
0.32109,0.12796
0.32212,0.12891
0.32306,0.12985
0.32408,0.13037
0.32508,0.13089
0.32606,0.13083
0.32712,0.13089
0.32812,0.13135
0.32911,0.13229
0.33019,0.13235
0.33109,0.13229
0.33210,0.13232
0.33810,0.13330
0.33906,0.13431
0.34010,0.13477
0.34111,0.13522
0.34208,0.13574
0.34308,0.13626
0.34407,0.13721
0.34511,0.13815
0.34606,0.13821
0.34705,0.13815
0.34803,0.13867
0.34909,0.13919
0.35012,0.13913
0.35108,0.13919
0.35207,0.13916
0.36013,0.13965
0.36119,0.14011
0.36210,0.14062
0.36309,0.14163
0.36408,0.14160
0.36813,0.14307
0.36909,0.14401
0.37011,0.14407
0.37115,0.14401
0.37203,0.14404
0.38209,0.14453
0.38312,0.14505
0.38407,0.14499
0.38508,0.14505
0.38607,0.14502
0.39411,0.14551
0.39509,0.14548
0.39607,0.14554
0.39709,0.14548
0.39807,0.14648
0.39916,0.14700
0.40009,0.14697
0.40110,0.14746
0.40412,0.14795
0.40513,0.14890
0.40607,0.14896
0.40704,0.14890
0.40815,0.14795
0.40915,0.14749
0.41013,0.14743
0.41117,0.14749
0.41214,0.14746
0.41408,0.14795
0.41520,0.14890
0.41617,0.14896
0.41713,0.14890
0.41811,0.14990
0.41915,0.15091
0.42010,0.15085
0.42106,0.15091
0.42207,0.15088
0.42417,0.15137
0.43010,0.15186
0.43108,0.15280
0.43210,0.15332
0.43314,0.15433
0.43412,0.15479
0.43510,0.15524
0.43610,0.15530
0.43716,0.15524
0.43810,0.15674
0.43912,0.15823
0.44010,0.15817
0.44109,0.15823
0.44214,0.15869
0.44310,0.15915
0.44412,0.15967
0.44515,0.16019
0.44613,0.16013
0.44712,0.16019
0.44799,0.16113
0.44917,0.16208
0.45006,0.16211
0.45109,0.16260
0.45214,0.16309
0.45315,0.16360
0.45410,0.16406
0.45511,0.16452
0.45608,0.16458
0.45708,0.16452
0.45809,0.16602
0.45911,0.16751
0.46014,0.16745
0.46112,0.16751
0.46218,0.16748
0.47012,0.16846
0.47106,0.16940
0.47214,0.16943
0.47409,0.17041
0.47509,0.17142
0.47611,0.17136
0.47709,0.17142
0.47814,0.17236
0.47910,0.17331
0.48007,0.17383
0.48110,0.17386
0.48211,0.17480
0.48310,0.17526
0.48410,0.17578
0.48806,0.17676
0.48911,0.17776
0.49013,0.17822
0.49108,0.17868
0.49213,0.17920
0.49308,0.17972
0.49401,0.18018
0.49515,0.18063
0.49606,0.18069
0.49715,0.18063
0.49812,0.18213
0.49912,0.18362
0.50013,0.18457
0.50110,0.18503
0.50207,0.18604
0.50308,0.18704
0.50408,0.18750
0.50507,0.18845
0.50610,0.18851
0.50714,0.18845
0.50811,0.19043
0.50908,0.19193
0.51007,0.19238
0.51109,0.19284
0.51214,0.19290
0.51310,0.19284
0.51409,0.19385
0.51510,0.19437
0.51608,0.19431
0.51713,0.19437
0.51810,0.19434
0.51921,0.19482
0.52203,0.19580
0.52313,0.19626
0.52418,0.19727
0.52499,0.19778
0.52602,0.19772
0.52710,0.19778
0.52809,0.19873
0.52912,0.19968
0.53006,0.19974
0.53108,0.19968
0.53209,0.19971
0.53307,0.19922
0.53410,0.19876
0.53508,0.19870
0.53607,0.19876
0.53710,0.19873
0.53807,0.19922
0.53908,0.19968
0.54009,0.20020
0.54205,0.20068
0.54301,0.20169
0.54406,0.20215
0.54510,0.20212
0.54608,0.20218
0.54710,0.20212
0.54811,0.20264
0.54912,0.20316
0.55005,0.20361
0.55099,0.20407
0.55209,0.20361
0.55311,0.20316
0.55408,0.20309
0.55508,0.20316
0.55609,0.20312
0.55810,0.20459
0.55915,0.20554
0.56009,0.20560
0.56107,0.20554
0.56206,0.20557
0.56303,0.20605
0.56808,0.20654
0.56912,0.20706
0.57021,0.20700
0.57109,0.20706
0.57214,0.20752
0.57311,0.20798
0.57411,0.20898
0.57512,0.20950
0.57607,0.20944
0.57718,0.20950
0.57815,0.21094
0.57905,0.21188
0.58004,0.21240
0.58106,0.21292
0.58217,0.21338
0.58309,0.21335
0.58404,0.21436
0.58509,0.21536
0.58611,0.21530
0.58707,0.21536
0.58810,0.21729
0.58910,0.21872
0.59017,0.21973
0.59109,0.22073
0.59208,0.22070
0.59410,0.22217
0.59507,0.22311
0.59609,0.22318
0.59710,0.22311
0.59808,0.22363
0.59911,0.22415
0.60007,0.22510
0.60109,0.22604
0.60209,0.22610
0.60309,0.22604
0.60407,0.22656
0.60507,0.22708
0.60607,0.22702
0.60708,0.22708
0.60809,0.22852
0.60908,0.22995
0.61008,0.22998
0.61107,0.23047
0.61210,0.23145
0.61309,0.23245
0.61404,0.23340
0.61512,0.23386
0.61611,0.23392
0.61712,0.23386
0.61812,0.23389
0.61914,0.23438
0.62010,0.23486
0.62111,0.23538
0.62212,0.23584
0.62308,0.23630
0.62411,0.23636
0.62510,0.23630
0.62607,0.23633
0.62814,0.23730
0.62908,0.23831
0.63008,0.23877
0.63107,0.23923
0.63211,0.24023
0.63308,0.24124
0.63406,0.24118
0.63508,0.24124
0.63609,0.24121
0.63812,0.24219
0.63915,0.24313
0.64013,0.24268
0.64107,0.24222
0.64209,0.24216
0.64308,0.24222
0.64411,0.24268
0.64510,0.24362
0.64612,0.24368
0.64707,0.24362
0.64807,0.24365
0.64905,0.24316
0.65005,0.24414
0.65108,0.24515
0.65207,0.24509
0.65301,0.24515
0.65408,0.24561
0.65518,0.24557
0.65615,0.24564
0.65710,0.24557
0.65812,0.24609
0.65909,0.24661
0.66012,0.24655
0.66108,0.24661
0.66212,0.24609
0.66308,0.24557
0.66414,0.24658
0.66514,0.24759
0.66613,0.24753
0.66706,0.24759
0.66809,0.24854
0.66908,0.24948
0.67004,0.25000
0.67111,0.25052
0.67208,0.25098
0.67310,0.25143
0.67415,0.25150
0.67508,0.25143
0.67608,0.25146
0.67807,0.25244
0.67909,0.25296
0.68006,0.25290
0.68110,0.25296
0.68211,0.25293
0.69208,0.25195
0.69315,0.25143
0.69408,0.25150
0.69505,0.25143
0.69604,0.25146
0.69811,0.25195
0.69917,0.25296
0.70012,0.25290
0.70110,0.25296
0.70209,0.25293
0.71812,0.25391
0.71908,0.25436
0.72010,0.25488
0.72509,0.25537
0.72612,0.25638
0.72710,0.25632
0.72810,0.25638
0.72912,0.25635
0.73209,0.25684
0.73311,0.25681
0.73407,0.25687
0.73508,0.25681
0.73613,0.25684
0.74112,0.25638
0.74206,0.25632
0.74305,0.25638
0.74411,0.25635
0.74814,0.25537
0.74915,0.25485
0.75009,0.25488
0.75103,0.25439
0.75207,0.25391
0.75313,0.25296
0.75409,0.25290
0.75508,0.25296
0.75605,0.25293
0.75812,0.25391
0.75910,0.25436
0.76010,0.25391
0.76116,0.25296
0.76213,0.25290
0.76314,0.25296
0.76405,0.25293
0.79408,0.25391
0.79515,0.25436
0.79607,0.25443
0.79711,0.25436
0.79805,0.25488
0.80510,0.25439
0.80805,0.25488
0.81008,0.25537
0.81109,0.25638
0.81212,0.25732
0.81309,0.25827
0.81408,0.25833
0.81509,0.25827
0.81607,0.25830
0.81808,0.25732
0.81911,0.25638
0.82015,0.25632
0.82107,0.25638
0.82206,0.25635
0.82810,0.25684
0.82910,0.25681
0.83010,0.25687
0.83107,0.25681
0.83204,0.25684
0.83410,0.25781
0.83511,0.25833
0.83606,0.25827
0.83709,0.25833
0.83807,0.25830
0.84407,0.25781
0.84506,0.25681
0.84607,0.25687
0.84715,0.25681
0.84810,0.25781
0.84910,0.25882
0.85006,0.25876
0.85107,0.25882
0.85207,0.25879
0.85807,0.25928
0.85912,0.26022
0.86007,0.26123
0.86108,0.26224
0.86207,0.26221
0.86303,0.26270
0.86802,0.26318
0.86916,0.26364
0.87008,0.26318
0.87106,0.26273
0.87207,0.26266
0.87302,0.26273
0.87409,0.26270
0.87913,0.26221
0.88908,0.26270
0.89015,0.26318
0.89108,0.26364
0.89206,0.26318
0.89305,0.26273
0.89408,0.26266
0.89510,0.26273
0.89605,0.26270
0.89808,0.26318
0.89906,0.26364
0.90009,0.26416
0.90209,0.26514
0.90309,0.26566
0.90408,0.26514
0.90511,0.26413
0.90606,0.26419
0.90714,0.26413
0.90811,0.26562
0.90906,0.26663
0.91004,0.26611
0.91109,0.26559
0.91207,0.26611
0.91301,0.26663
0.91410,0.26709
0.91510,0.26755
0.91611,0.26761
0.91708,0.26755
0.91808,0.26758
0.92012,0.26807
0.92210,0.26904
0.92309,0.26956
0.92409,0.26950
0.92510,0.26956
0.92605,0.26953
0.92809,0.27051
0.92905,0.27145
0.93007,0.27100
0.93103,0.27054
0.93211,0.27048
0.93309,0.27054
0.93418,0.27100
0.93507,0.27145
0.93603,0.27151
0.93711,0.27145
0.93806,0.27246
0.93910,0.27396
0.94009,0.27490
0.94108,0.27585
0.94212,0.27686
0.94307,0.27737
0.94408,0.27734
0.94511,0.27783
0.94812,0.27832
0.94915,0.27878
0.95011,0.27979
0.95108,0.28079
0.95210,0.28073
0.95313,0.28079
0.95408,0.28125
0.95505,0.28171
0.95608,0.28177
0.95707,0.28171
0.95814,0.28320
0.95908,0.28470
0.96007,0.28516
0.96108,0.28561
0.96202,0.28613
0.96307,0.28714
0.96409,0.28809
0.96514,0.28903
0.96610,0.28909
0.96710,0.28903
0.96808,0.29004
0.96904,0.29105
0.97006,0.29099
0.97109,0.29105
0.97210,0.29102
0.97308,0.29150
0.97410,0.29245
0.97511,0.29248
0.97612,0.29297
0.97809,0.29395
0.97907,0.29495
0.98000,0.29541
0.98102,0.29636
0.98212,0.29639
0.99014,0.29736
0.99112,0.29788
0.99204,0.29834
1.00009,0.29883
1.00107,0.29977
1.00207,0.29883
1.00305,0.29837
1.00410,0.29834
1.00508,0.29785
1.01009,0.29834
1.01409,0.29883
1.01511,0.29977
1.01612,0.29984
1.01706,0.29977
1.01808,0.29883
1.01908,0.29788
1.02012,0.29834
1.02308,0.29785
1.02413,0.29834
1.03414,0.29883
1.03508,0.29977
1.03609,0.29984
1.03711,0.29977
1.03809,0.30078
1.03907,0.30179
1.04009,0.30173
1.04114,0.30179
1.04205,0.30176
1.04414,0.30225
1.04808,0.30322
1.04911,0.30417
1.05003,0.30518
1.05109,0.30618
1.05211,0.30664
1.05311,0.30710
1.05405,0.30716
1.05505,0.30710
1.05602,0.30713
1.06011,0.30762
1.06207,0.30859
1.06309,0.30911
1.06411,0.30957
1.06510,0.31003
1.06608,0.31009
1.06707,0.31003
1.06802,0.31055
1.06912,0.31107
1.07008,0.31152
1.07411,0.31250
1.07506,0.31296
1.07608,0.31302
1.07711,0.31296
1.07811,0.31348
1.07902,0.31400
1.08009,0.31393
1.08111,0.31400
1.08207,0.31396
1.08304,0.31445
1.08408,0.31442
1.08509,0.31448
1.08608,0.31442
1.08709,0.31445
1.09000,0.31494
1.09108,0.31546
1.09208,0.31540
1.09307,0.31546
1.09407,0.31543
1.10012,0.31641
1.10109,0.31686
1.10210,0.31693
1.10304,0.31686
1.10405,0.31689
1.10507,0.31738
1.10808,0.31836
1.10907,0.31937
1.11003,0.31931
1.11109,0.31937
1.11212,0.31934
1.11403,0.31836
1.11513,0.31735
1.11610,0.31741
1.11707,0.31735
1.11807,0.31689
1.12106,0.31738
1.12407,0.31787
1.12508,0.31839
1.12609,0.31833
1.12708,0.31839
1.12806,0.31836
1.13206,0.31787
1.13304,0.31735
1.13405,0.31741
1.13502,0.31735
1.13608,0.31738
1.14008,0.31787
1.14109,0.31839
1.14206,0.31787
1.14309,0.31735
1.14406,0.31787
1.14510,0.31839
1.14617,0.31833
1.14720,0.31839
1.14819,0.31836
1.17026,0.31885
1.17118,0.31931
1.17213,0.31937
1.17314,0.31931
1.17415,0.31934
1.17804,0.31982
1.17908,0.32083
1.18004,0.32077
1.18106,0.32083
1.18212,0.32080
1.18507,0.32129
1.19210,0.32178
1.19308,0.32224
1.19406,0.32230
1.19514,0.32224
1.19608,0.32227
1.19806,0.32178
1.19910,0.32132
1.20007,0.32126
1.20111,0.32132
1.20207,0.32129
1.20408,0.32178
1.20508,0.32224
1.20612,0.32230
1.20714,0.32224
1.20811,0.32227
1.21411,0.32275
1.21806,0.32471
1.21907,0.32620
1.22021,0.32614
1.22111,0.32620
1.22207,0.32617
1.22808,0.32666
1.23208,0.32715
1.23312,0.32809
1.23415,0.32816
1.23510,0.32809
1.23612,0.32812
1.25011,0.32861
1.25107,0.32864
1.25207,0.32858
1.25310,0.32864
1.25406,0.32861
1.25811,0.32959
1.25903,0.33005
1.26005,0.33011
1.26103,0.33005
1.26222,0.33057
1.26414,0.33105
1.26514,0.33206
1.26608,0.33200
1.26704,0.33206
1.26807,0.33105
1.26910,0.33005
1.27008,0.33011
1.27106,0.33005
1.27210,0.33008
1.28408,0.33057
1.29509,0.33008
1.29806,0.32959
1.29910,0.32864
1.30011,0.32959
1.30103,0.33005
1.30208,0.33011
1.30318,0.33005
1.30409,0.33057
1.30805,0.33105
1.30905,0.33206
1.31024,0.33203
1.31211,0.33301
1.31307,0.33347
1.31406,0.33353
1.31507,0.33347
1.31609,0.33350
1.31797,0.33398
1.31907,0.33450
1.32006,0.33444
1.32109,0.33450
1.32210,0.33447
1.32414,0.33496
1.32508,0.33591
1.32606,0.33597
1.32705,0.33591
1.32809,0.33643
1.32909,0.33743
1.33006,0.33789
1.33104,0.33835
1.33209,0.33887
1.33308,0.33939
1.33405,0.33984
1.33506,0.33981
1.33613,0.33987
1.33712,0.33981
1.33809,0.34131
1.33909,0.34280
1.34007,0.34326
1.34115,0.34372
1.34214,0.34378
1.34306,0.34372
1.34406,0.34473
1.34509,0.34525
1.34608,0.34518
1.34707,0.34525
1.34811,0.34521
1.34906,0.34570
1.36409,0.34521
1.36907,0.34570
1.37208,0.34619
1.37306,0.34665
1.37409,0.34671
1.37507,0.34665
1.37609,0.34668
1.37811,0.34717
1.37909,0.34769
1.38006,0.34814
1.38110,0.34860
1.38207,0.34866
1.38312,0.34860
1.38409,0.34863
1.39005,0.34912
1.39107,0.34964
1.39208,0.34958
1.39308,0.34964
1.39409,0.35010
1.39511,0.35104
1.39606,0.35110
1.39706,0.35104
1.39806,0.35205
1.39908,0.35257
1.40005,0.35303
1.40111,0.35349
1.40205,0.35355
1.40306,0.35349
1.40407,0.35400
1.40507,0.35452
1.40601,0.35446
1.40707,0.35452
1.40807,0.35547
1.40903,0.35641
1.41008,0.35645
1.41109,0.35693
1.41409,0.35742
1.41505,0.35794
1.41607,0.35788
1.41708,0.35794
1.41811,0.35840
1.41929,0.35886
1.42013,0.35938
1.42112,0.36038
1.42210,0.36032
1.42311,0.36038
1.42412,0.36035
1.42510,0.36084
1.43008,0.36133
1.43108,0.36179
1.43204,0.36185
1.43308,0.36179
1.43427,0.36230
1.43511,0.36282
1.43606,0.36276
1.43709,0.36282
1.43804,0.36328
1.43909,0.36423
1.44010,0.36475
1.44110,0.36575
1.44206,0.36569
1.44308,0.36575
1.44412,0.36621
1.44816,0.36670
1.44916,0.36765
1.45019,0.36816
1.45107,0.36819
1.45205,0.36813
1.45308,0.36819
1.45410,0.36816
1.45509,0.36765
1.45605,0.36771
1.45706,0.36765
1.45813,0.36768
1.46212,0.36816
1.46309,0.36819
1.46408,0.36813
1.46509,0.36819
1.46606,0.36816
1.46806,0.36914
1.46907,0.36960
1.47000,0.36966
1.47108,0.36960
1.47208,0.37012
1.47411,0.37061
1.47508,0.37161
1.47605,0.37155
1.47706,0.37161
1.47810,0.37256
1.47906,0.37399
1.48010,0.37405
1.48113,0.37399
1.48208,0.37451
1.48305,0.37503
1.48408,0.37549
1.49513,0.37500
1.50803,0.37549
1.51810,0.37646
1.51904,0.37692
1.52006,0.37698
1.52106,0.37692
1.52209,0.37646
1.52308,0.37552
1.52418,0.37646
1.52511,0.37692
1.52609,0.37698
1.52707,0.37692
1.52810,0.37646
1.52910,0.37552
1.53010,0.37646
1.53107,0.37692
1.53204,0.37698
1.53310,0.37692
1.53408,0.37695
1.53507,0.37646
1.53607,0.37552
1.53708,0.37546
1.53805,0.37695
1.53904,0.37796
1.54007,0.37790
1.54103,0.37796
1.54208,0.37842
1.54326,0.37888
1.54412,0.37894
1.54506,0.37888
1.54607,0.37891
1.55006,0.37939
1.55411,0.38037
1.55505,0.38089
1.55607,0.38083
1.55707,0.38089
1.55822,0.38135
1.55905,0.38181
1.56006,0.38187
1.56105,0.38181
1.56209,0.38184
1.56811,0.38232
1.56907,0.38333
1.57011,0.38428
1.57106,0.38474
1.57209,0.38477
1.57306,0.38525
1.57804,0.38623
1.57910,0.38724
1.58012,0.38818
1.58106,0.38864
1.58212,0.38870
1.58307,0.38864
1.58409,0.38867
1.58511,0.38916
1.58808,0.38965
1.58907,0.39066
1.59007,0.39160
1.59108,0.39206
1.59207,0.39258
1.59305,0.39310
1.59407,0.39355
1.59506,0.39450
1.59605,0.39456
1.59706,0.39450
1.59799,0.39648
1.59911,0.39847
1.60002,0.39893
1.60104,0.39987
1.60205,0.40039
1.60305,0.40140
1.60823,0.40234
1.60899,0.40378
1.61008,0.40384
1.61110,0.40381
1.61801,0.40527
1.61910,0.40622
1.62013,0.40628
1.62104,0.40622
1.62208,0.40674
1.62301,0.40677
1.62408,0.40723
1.62811,0.40625
1.62913,0.40524
1.63010,0.40527
1.63405,0.40576
1.63507,0.40628
1.63608,0.40622
1.63709,0.40628
1.63810,0.40674
1.63904,0.40720
1.64012,0.40771
1.64106,0.40775
1.64206,0.40768
1.64309,0.40775
1.64407,0.40771
1.64811,0.40869
1.64911,0.40915
1.65006,0.40921
1.65105,0.40915
1.65205,0.40967
1.65810,0.40869
1.65907,0.40775
1.66014,0.40869
1.66110,0.40915
1.66210,0.40921
1.66310,0.40915
1.66406,0.40967
1.67504,0.41016
1.67612,0.41068
1.67707,0.41061
1.67803,0.41113
1.68011,0.41016
1.68120,0.40970
1.68207,0.41016
1.68308,0.41110
1.68412,0.41116
1.68508,0.41110
1.68607,0.41113
1.68807,0.41162
1.68906,0.41165
1.69004,0.41260
1.69108,0.41306
1.69208,0.41312
1.69307,0.41306
1.69407,0.41309
1.69514,0.41357
1.69817,0.41455
1.69907,0.41556
1.70006,0.41550
1.70105,0.41556
1.70209,0.41553
1.70805,0.41650
1.70905,0.41745
1.71011,0.41797
1.71107,0.41849
1.71207,0.41895
1.72413,0.41992
1.72506,0.42038
1.72607,0.42044
1.72707,0.42038
1.72813,0.42090
1.72907,0.42142
1.73005,0.42188
1.73105,0.42282
1.73206,0.42288
1.73309,0.42282
1.73407,0.42383
1.73506,0.42484
1.73606,0.42477
1.73707,0.42484
1.73806,0.42627
1.73908,0.42819
1.74008,0.42822
1.74107,0.42871
1.74205,0.42920
1.74303,0.42972
1.74405,0.43018
1.74509,0.43063
1.74611,0.43069
1.74706,0.43063
1.74814,0.43213
1.74913,0.43362
1.75012,0.43408
1.75403,0.43506
1.75505,0.43600
1.75606,0.43607
1.75706,0.43600
1.75809,0.43701
1.75910,0.43802
1.76006,0.43896
1.76107,0.43942
1.76211,0.43948
1.76307,0.43942
1.76405,0.43945
1.76804,0.43994
1.76905,0.44046
1.77006,0.44040
1.77108,0.44046
1.77204,0.44092
1.77316,0.44138
1.77411,0.44189
1.77504,0.44290
1.77604,0.44284
1.77705,0.44290
1.77811,0.44336
1.77909,0.44431
1.78015,0.44385
1.78106,0.44290
1.78205,0.44385
1.78310,0.44431
1.78404,0.44437
1.78507,0.44431
1.78603,0.44434
1.78809,0.44482
1.78906,0.44534
1.79004,0.44580
1.79108,0.44626
1.79206,0.44580
1.79307,0.44534
1.79409,0.44580
1.79510,0.44626
1.79609,0.44632
1.79705,0.44626
1.79809,0.44580
1.79916,0.44534
1.80012,0.44528
1.80105,0.44534
1.80206,0.44531
1.80408,0.44580
1.80510,0.44626
1.80609,0.44632
1.80706,0.44626
1.80806,0.44727
1.80901,0.44827
1.81009,0.44821
1.81111,0.44827
1.81210,0.44727
1.81305,0.44675
1.81405,0.44681
1.81505,0.44675
1.81610,0.44678
1.82009,0.44727
1.82104,0.44827
1.82207,0.44821
1.82301,0.44827
1.82410,0.44824
1.83013,0.44873
1.83108,0.44870
1.83209,0.44922
1.83305,0.44974
1.83410,0.44968
1.83508,0.44974
1.83606,0.44971
1.85009,0.45020
1.85109,0.45065
1.85206,0.45166
1.85316,0.45218
1.85405,0.45212
1.85506,0.45312
1.85612,0.45364
1.85707,0.45358
1.85807,0.45508
1.85905,0.45609
1.86005,0.45602
1.86106,0.45609
1.86206,0.45605
1.86308,0.45557
1.87005,0.45654
1.87104,0.45749
1.87207,0.45755
1.87309,0.45749
1.87416,0.45801
1.87509,0.45901
1.87607,0.45895
1.87708,0.45901
1.87805,0.45850
1.87907,0.45749
1.88004,0.45850
1.88107,0.45901
1.88206,0.45947
1.88306,0.45993
1.88404,0.46094
1.88505,0.46146
1.88609,0.46140
1.88707,0.46146
1.88808,0.46143
1.89798,0.46240
1.89910,0.46384
1.90019,0.46436
1.90102,0.46487
1.90209,0.46481
1.90308,0.46487
1.90404,0.46533
1.91510,0.46582
1.91608,0.46677
1.91708,0.46683
1.91809,0.46680
1.92012,0.46826
1.92101,0.46921
1.92196,0.46927
1.92306,0.46921
1.92414,0.46924
1.92810,0.46973
1.92908,0.47025
1.93010,0.47018
1.93105,0.47025
1.93208,0.47070
1.94014,0.47119
1.94106,0.47214
1.94207,0.47220
1.94310,0.47214
1.94407,0.47266
1.94511,0.47269
1.94606,0.47263
1.94716,0.47269
1.94805,0.47363
1.94911,0.47458
1.95006,0.47464
1.95107,0.47458
1.95205,0.47510
1.95309,0.47562
1.95411,0.47607
1.95804,0.47705
1.95905,0.47751
1.96007,0.47803
1.96105,0.47855
1.96213,0.47803
1.96310,0.47751
1.96409,0.47757
1.96505,0.47751
1.96604,0.47754
1.97205,0.47803
1.97308,0.47855
1.97411,0.47900
1.97508,0.47946
1.97605,0.47952
1.97705,0.47946
1.97807,0.47949
1.98010,0.47998
1.98403,0.48047
1.98508,0.48148
1.98606,0.48141
1.98704,0.48148
1.98807,0.48193
1.98906,0.48288
1.99007,0.48340
1.99108,0.48392
1.99207,0.48438
1.99305,0.48483
1.99406,0.48489
1.99509,0.48483
1.99610,0.48486
1.99815,0.48633
1.99909,0.48734
2.00010,0.48730
2.00105,0.48679
2.00208,0.48730
2.00307,0.48782
2.00400,0.48730
2.00505,0.48679
2.00608,0.48685
2.00711,0.48679
2.00806,0.48633
2.00906,0.48538
2.01006,0.48633
2.01107,0.48776
2.01205,0.48828
2.01308,0.48929
2.01402,0.48975
2.01511,0.49069
2.01605,0.49075
2.01707,0.49069
2.01808,0.49072
2.02106,0.49023
2.02417,0.49072
2.02813,0.49170
2.02917,0.49222
2.03008,0.49268
2.03103,0.49313
2.03211,0.49365
2.03305,0.49417
2.03406,0.49411
2.03509,0.49417
2.03612,0.49414
2.04433,0.49463
2.05212,0.49512
2.05318,0.49606
2.05408,0.49512
2.05506,0.49466
2.05605,0.49460
2.05701,0.49466
2.05803,0.49658
2.05911,0.49802
2.06009,0.49808
2.06106,0.49802
2.06205,0.49854
2.06411,0.49902
2.06508,0.49954
2.06606,0.49948
2.06704,0.49954
2.06809,0.49951
2.07205,0.49902
2.07303,0.49850
2.07410,0.49857
2.07509,0.49850
2.07608,0.49854
2.07805,0.49902
2.07909,0.49954
2.08005,0.49948
2.08104,0.49954
2.08210,0.50000
2.08808,0.50098
2.08907,0.50143
2.09016,0.50150
2.09099,0.50143
2.09210,0.50146
2.10008,0.50195
2.10108,0.50247
2.10206,0.50241
2.10308,0.50247
2.10407,0.50244
2.10506,0.50293
2.10611,0.50339
2.10706,0.50345
2.10808,0.50391
2.11311,0.50342
2.12033,0.50391
2.13109,0.50342
2.13208,0.50391
2.13805,0.50439
2.13911,0.50534
2.14008,0.50586
2.14107,0.50589
2.14206,0.50586
2.14306,0.50534
2.14411,0.50540
2.14507,0.50534
2.14605,0.50537
2.14809,0.50586
2.14911,0.50687
2.15004,0.50635
2.15105,0.50583
2.15206,0.50635
2.15307,0.50687
2.15407,0.50681
2.15507,0.50687
2.15608,0.50684
2.16009,0.50732
2.16106,0.50778
2.16203,0.50784
2.16308,0.50778
2.16403,0.50781
2.16797,0.50830
2.16907,0.50882
2.17009,0.50928
2.17834,0.51074
2.17922,0.51169
2.18002,0.51175
2.18103,0.51169
2.18208,0.51221
2.18311,0.51273
2.18409,0.51367
2.18505,0.51462
2.18612,0.51468
2.18708,0.51462
2.18807,0.51465
2.19008,0.51562
2.19110,0.51614
2.19201,0.51608
2.19305,0.51614
2.19416,0.51611
2.19803,0.51709
2.19912,0.51804
2.20005,0.51855
2.20211,0.51953
2.20311,0.52005
2.20407,0.52051
2.20505,0.52048
2.20607,0.52054
2.20710,0.52048
2.20811,0.52197
2.20913,0.52347
2.21010,0.52341
2.21102,0.52347
2.21208,0.52441
2.21303,0.52536
2.21404,0.52542
2.21509,0.52588
2.21611,0.52634
2.21704,0.52640
2.21805,0.52686
2.21903,0.52780
2.22006,0.52881
2.22107,0.52982
2.22206,0.53076
2.22305,0.53122
2.22407,0.53125
2.22505,0.53174
2.22809,0.53320
2.22906,0.53470
2.23011,0.53516
2.23103,0.53561
2.23206,0.53568
2.23308,0.53561
2.23405,0.53564
2.23504,0.53613
2.23607,0.53665
2.23706,0.53659
2.23810,0.53760
2.23906,0.53860
2.24009,0.53906
2.24110,0.53903
2.24209,0.54004
2.24300,0.54105
2.24404,0.54150
2.24506,0.54196
2.24602,0.54202
2.24708,0.54196
2.24804,0.54248
2.25010,0.54346
2.25107,0.54398
2.25203,0.54443
2.25313,0.54440
2.25405,0.54541
2.25506,0.54642
2.25602,0.54636
2.25710,0.54642
2.25808,0.54736
2.25908,0.54782
2.26003,0.54788
2.26108,0.54782
2.26206,0.54785
2.26808,0.54932
2.26907,0.55032
2.27006,0.55078
2.27105,0.55124
2.27203,0.55130
2.27325,0.55124
2.27406,0.55127
2.27812,0.55078
2.27903,0.55032
2.28006,0.55078
2.28106,0.55124
2.28210,0.55130
2.28306,0.55124
2.28406,0.55176
2.28809,0.55225
2.28905,0.55325
2.29005,0.55371
2.29110,0.55368
2.29206,0.55371
2.29303,0.55325
2.29410,0.55319
2.29510,0.55371
2.29604,0.55374
2.29703,0.55368
2.29816,0.55374
2.29912,0.55371
2.30006,0.55469
2.30104,0.55515
2.30204,0.55518
2.30307,0.55566
2.31408,0.55615
2.31507,0.55667
2.31607,0.55661
2.31707,0.55667
2.31804,0.55762
2.31916,0.55856
2.32003,0.55862
2.32104,0.55856
2.32207,0.55908
2.32315,0.55960
2.32408,0.56006
2.32506,0.56052
2.32604,0.56058
2.32701,0.56052
2.32805,0.56104
2.33431,0.56152
2.33508,0.56253
2.33606,0.56247
2.33706,0.56253
2.33806,0.56299
2.33899,0.56296
2.34008,0.56396
2.34130,0.56448
2.34219,0.56442
2.34316,0.56448
2.34418,0.56445
2.34917,0.56494
2.35317,0.56543
2.35411,0.56589
2.35513,0.56595
2.35619,0.56589
2.35711,0.56592
2.35812,0.56689
2.35907,0.56790
2.36009,0.56836
2.36107,0.56882
2.36207,0.56934
2.36299,0.56985
2.36409,0.56979
2.36538,0.56985
2.36618,0.56982
2.37011,0.56934
2.37109,0.56882
2.37217,0.56934
2.37307,0.56985
2.37413,0.56979
2.37497,0.56985
2.37603,0.56982
2.38005,0.57129
2.38110,0.57224
2.38207,0.57230
2.38304,0.57224
2.38402,0.57275
2.38505,0.57327
2.38608,0.57321
2.38702,0.57327
2.38811,0.57324
2.39006,0.57373
2.39105,0.57419
2.39203,0.57425
2.39303,0.57419
2.39401,0.57471
2.39510,0.57523
2.39605,0.57516
2.39707,0.57523
2.39808,0.57617
2.39914,0.57712
2.40002,0.57718
2.40102,0.57712
2.40206,0.57715
2.40802,0.57764
2.40907,0.57767
2.41003,0.57861
2.41099,0.57907
2.41207,0.57959
2.41810,0.58057
2.41905,0.58109
2.42003,0.58203
2.42103,0.58249
2.42203,0.58301
2.42301,0.58353
2.42407,0.58398
2.42506,0.58444
2.42602,0.58450
2.42708,0.58444
2.42816,0.58496
2.43222,0.58545
2.43318,0.58646
2.43416,0.58691
2.43506,0.58688
2.43611,0.58694
2.43704,0.58688
2.43807,0.58789
2.43905,0.58841
2.44006,0.58838
2.44105,0.58887
2.44217,0.58936
2.44307,0.58981
2.44406,0.58987
2.44511,0.58981
2.44604,0.58984
2.45407,0.59033
2.45823,0.59131
2.45903,0.59183
2.46005,0.59131
2.46113,0.59030
2.46205,0.59036
2.46305,0.59030
2.46405,0.59033
2.46503,0.58984
2.47207,0.58936
2.47309,0.58890
2.47407,0.58884
2.47503,0.58890
2.47598,0.58887
2.47819,0.58838
2.48110,0.58887
2.48508,0.58936
2.48607,0.58981
2.48701,0.58987
2.48806,0.58936
2.48905,0.58884
2.49007,0.58936
2.49101,0.58987
2.49206,0.58981
2.49308,0.58987
2.49405,0.58984
2.50004,0.59033
2.50516,0.59131
2.50606,0.59274
2.50708,0.59280
2.50808,0.59326
2.50905,0.59372
2.51004,0.59424
2.51211,0.59473
2.51305,0.59573
2.51408,0.59567
2.51511,0.59619
2.51612,0.59622
2.51711,0.59616
2.51805,0.59717
2.51910,0.59769
2.52018,0.59763
2.52108,0.59769
2.52209,0.59766
2.52317,0.59814
2.52812,0.59863
2.52907,0.59958
2.53008,0.60059
2.53100,0.60159
2.53208,0.60254
2.53311,0.60300
2.53407,0.60352
2.53809,0.60498
2.53905,0.60648
2.54010,0.60693
2.54104,0.60739
2.54207,0.60791
2.54304,0.60892
2.54402,0.60986
2.54512,0.61081
2.54606,0.61087
2.54703,0.61081
2.54804,0.61182
2.54909,0.61234
2.55005,0.61230
2.55106,0.61279
2.55405,0.61328
2.55505,0.61374
2.55603,0.61380
2.55704,0.61374
2.55808,0.61475
2.55905,0.61575
2.56004,0.61670
2.56107,0.61765
2.56204,0.61865
2.56302,0.61966
2.56404,0.61960
2.56506,0.61966
2.56605,0.61963
2.56812,0.62061
2.56909,0.62155
2.57006,0.62158
2.57100,0.62207
2.57207,0.62256
2.57298,0.62308
2.57408,0.62354
2.57811,0.62451
2.57905,0.62497
2.58006,0.62503
2.58107,0.62497
2.58209,0.62500
2.58404,0.62451
2.58506,0.62357
2.58605,0.62350
2.58707,0.62357
2.58809,0.62354
2.58902,0.62305
2.59008,0.62354
2.59415,0.62451
2.59511,0.62497
2.59606,0.62503
2.59702,0.62497
2.59798,0.62549
2.59906,0.62552
2.60005,0.62549
2.60103,0.62497
2.60203,0.62549
2.60302,0.62552
2.60406,0.62546
2.60506,0.62552
2.60601,0.62549
2.60810,0.62646
2.60906,0.62692
2.61003,0.62744
2.61327,0.62695
2.61405,0.62744
2.61905,0.62695
2.62007,0.62744
2.63309,0.62695
2.63803,0.62793
2.63906,0.62845
2.64006,0.62891
2.64109,0.62936
2.64203,0.62943
2.64304,0.62936
2.64396,0.63037
2.64509,0.63089
2.64606,0.63083
2.64704,0.63089
2.64812,0.63184
2.64905,0.63229
2.65010,0.63235
2.65104,0.63229
2.65206,0.63281
2.65509,0.63232
2.66404,0.63281
2.66803,0.63330
2.66899,0.63431
2.67013,0.63525
2.67106,0.63620
2.67203,0.63623
2.67311,0.63672
2.67804,0.63721
2.67902,0.63773
2.68004,0.63721
2.68103,0.63669
2.68205,0.63721
2.68306,0.63773
2.68402,0.63766
2.68503,0.63773
2.68608,0.63770
2.69203,0.63818
2.69308,0.63864
2.69406,0.63870
2.69507,0.63864
2.69604,0.63867
2.69802,0.63916
2.69908,0.63968
2.70014,0.64014
2.70107,0.64059
2.70205,0.64066
2.70308,0.64059
2.70411,0.64111
2.70506,0.64163
2.70607,0.64157
2.70705,0.64163
2.70806,0.64160
2.71204,0.64209
2.71807,0.64307
2.71909,0.64401
2.72008,0.64502
2.72100,0.64554
2.72202,0.64548
2.72303,0.64554
2.72408,0.64551
2.72506,0.64600
2.73004,0.64648
2.73100,0.64694
2.73208,0.64700
2.73300,0.64694
2.73408,0.64746
2.73813,0.64844
2.73910,0.64896
2.74004,0.64890
2.74096,0.64896
2.74219,0.64893
2.74805,0.64941
2.74916,0.64938
2.75006,0.64944
2.75097,0.64938
2.75205,0.64941
2.77007,0.65039
2.77105,0.65091
2.77203,0.65085
2.77304,0.65091
2.77407,0.65039
2.77507,0.64938
2.77610,0.64944
2.77704,0.64938
2.77815,0.64941
2.78100,0.64896
2.78205,0.64890
2.78305,0.64896
2.78407,0.64941
2.78509,0.64938
2.78611,0.64944
2.78703,0.64938
2.78805,0.65039
2.78903,0.65140
2.79007,0.65134
2.79107,0.65140
2.79203,0.65137
2.79499,0.65186
2.79608,0.65280
2.79703,0.65286
2.79808,0.65186
2.79908,0.65134
2.80005,0.65137
2.80104,0.65088
2.80807,0.65137
2.81807,0.65234
2.81902,0.65335
2.82006,0.65430
2.82110,0.65475
2.82200,0.65430
2.82308,0.65335
2.82408,0.65329
2.82510,0.65335
2.82607,0.65332
2.84005,0.65430
2.84103,0.65475
2.84206,0.65479
2.84305,0.65527
2.84815,0.65576
2.84908,0.65628
2.85007,0.65622
2.85099,0.65628
2.85203,0.65576
2.85313,0.65524
2.85404,0.65530
2.85499,0.65524
2.85603,0.65527
2.86003,0.65576
2.86110,0.65628
2.86202,0.65622
2.86312,0.65628
2.86401,0.65625
2.87009,0.65576
2.87103,0.65475
2.87207,0.65482
2.87306,0.65475
2.87411,0.65479
2.87911,0.65527
2.88004,0.65576
2.88098,0.65628
2.88204,0.65622
2.88307,0.65628
2.88407,0.65625
2.88803,0.65576
2.88906,0.65524
2.89004,0.65530
2.89106,0.65524
2.89200,0.65479
2.89509,0.65527
2.89803,0.65576
2.89905,0.65628
2.90005,0.65622
2.90106,0.65628
2.90210,0.65625
2.90409,0.65674
2.90901,0.65625
2.91007,0.65674
2.91810,0.65771
2.91909,0.65866
2.92004,0.65872
2.92103,0.65866
2.92204,0.65869
2.92811,0.65967
2.92904,0.66019
2.93007,0.66013
2.93102,0.66019
2.93206,0.66016
2.93611,0.66064
2.93806,0.66113
2.93903,0.66159
2.94013,0.66211
2.94104,0.66263
2.94202,0.66257
2.94309,0.66263
2.94403,0.66260
2.94816,0.66309
2.94905,0.66403
2.95007,0.66409
2.95100,0.66403
2.95206,0.66406
2.95408,0.66455
2.95503,0.66504
2.95606,0.66556
2.95715,0.66550
2.95808,0.66699
2.95903,0.66800
2.96005,0.66794
2.96108,0.66800
2.96209,0.66895
2.96305,0.66940
2.96404,0.66946
2.96508,0.66895
2.96603,0.66794
2.96710,0.66800
2.96803,0.66797
2.96903,0.66745
2.97009,0.66846
2.97108,0.66946
2.97204,0.66940
2.97308,0.66946
2.97407,0.66943
2.97506,0.66992
2.97808,0.67090
2.97905,0.67184
2.98006,0.67191
2.98105,0.67184
2.98198,0.67236
2.98305,0.67288
2.98405,0.67334
2.98506,0.67380
2.98605,0.67386
2.98703,0.67380
2.98805,0.67432
2.98903,0.67484
2.99004,0.67529
3.00268,0.67578
3.00318,0.67673
3.00404,0.67679
3.00502,0.67673
3.00604,0.67676
3.01208,0.67578
3.01299,0.67532
3.01405,0.67578
3.01505,0.67673
3.01608,0.67679
3.01704,0.67673
3.01812,0.67725
3.01905,0.67728
3.02005,0.67822
3.02098,0.67868
3.02202,0.67871
3.02298,0.67920
3.02406,0.67871
3.02808,0.67822
3.02907,0.67728
3.03005,0.67822
3.03102,0.67868
3.03206,0.67871
3.03310,0.67920
3.03419,0.67969
3.03509,0.68021
3.03606,0.68015
3.03703,0.68021
3.03802,0.68066
3.04410,0.68115
3.04507,0.68210
3.04605,0.68216
3.04701,0.68210
3.04802,0.68262
3.04907,0.68265
3.05025,0.68359
3.05105,0.68405
3.05205,0.68411
3.05300,0.68405
3.05411,0.68408
3.05804,0.68506
3.05901,0.68558
3.06004,0.68604
3.06104,0.68649
3.06207,0.68750
3.06302,0.68802
3.06403,0.68799
3.06507,0.68848
3.06808,0.68896
3.06904,0.68942
3.07007,0.69043
3.07106,0.69144
3.07204,0.69189
3.07302,0.69186
3.07410,0.69287
3.07515,0.69388
3.07603,0.69382
3.07702,0.69388
3.07812,0.69531
3.07909,0.69724
3.08003,0.69727
3.08110,0.69775
3.08208,0.69824
3.08307,0.69876
3.08400,0.69922
3.08802,0.70020
3.08903,0.70114
3.09009,0.70120
3.09105,0.70114
3.09207,0.70117
3.09811,0.70215
3.09907,0.70316
3.10006,0.70361
3.10103,0.70407
3.10204,0.70459
3.10309,0.70511
3.10409,0.70505
3.10501,0.70511
3.10603,0.70508
3.10804,0.70459
3.10904,0.70407
3.11010,0.70413
3.11113,0.70407
3.11208,0.70459
3.11305,0.70511
3.11404,0.70557
3.11505,0.70602
3.11610,0.70609
3.11704,0.70602
3.11803,0.70703
3.11898,0.70804
3.12004,0.70798
3.12109,0.70804
3.12204,0.70850
3.12510,0.70801
3.13008,0.70850
3.13305,0.70801
3.13405,0.70850
3.13805,0.70898
3.13905,0.70944
3.14005,0.70996
3.14104,0.71048
3.14204,0.71042
3.14298,0.71048
3.14400,0.70996
3.14507,0.70944
3.14603,0.70950
3.14705,0.70944
3.14808,0.70947
3.15401,0.70996
3.15507,0.71048
3.15606,0.71042
3.15707,0.71048
3.15803,0.71143
3.15904,0.71188
3.16000,0.71191
3.16099,0.71240
3.16208,0.71289
3.16305,0.71341
3.16405,0.71387
3.17121,0.71338
3.17818,0.71387
3.18205,0.71436
3.18305,0.71530
3.18403,0.71536
3.18503,0.71582
3.18604,0.71579
3.18706,0.71585
3.18806,0.71680
3.18903,0.71774
3.19006,0.71826
3.19103,0.71878
3.19203,0.71872
3.19304,0.72021
3.19407,0.72171
3.19507,0.72217
3.19607,0.72263
3.19700,0.72269
3.19801,0.72412
3.19904,0.72507
3.20006,0.72513
3.20103,0.72507
3.20207,0.72656
3.20312,0.72806
3.20404,0.72852
3.20505,0.72897
3.20617,0.72903
3.20710,0.72897
3.20810,0.72998
3.20895,0.73050
3.21006,0.73145
3.21108,0.73190
3.21201,0.73242
3.21510,0.73340
3.21607,0.73441
3.21704,0.73434
3.21806,0.73441
3.21907,0.73438
3.22008,0.73633
3.22104,0.73825
3.22202,0.73877
3.22308,0.73929
3.22406,0.73975
3.22503,0.73972
3.22605,0.73978
3.22699,0.73972
3.22817,0.74072
3.22904,0.74124
3.23007,0.74118
3.23101,0.74124
3.23211,0.74121
3.23411,0.74219
3.23517,0.74265
3.23606,0.74271
3.23705,0.74265
3.23804,0.74316
3.23905,0.74368
3.24006,0.74362
3.24107,0.74368
3.24204,0.74365
3.24405,0.74316
3.24506,0.74265
3.24610,0.74271
3.24709,0.74265
3.24814,0.74316
3.24905,0.74368
3.25003,0.74362
3.25104,0.74368
3.25205,0.74316
3.25310,0.74265
3.25410,0.74316
3.25504,0.74368
3.25602,0.74362
3.25707,0.74368
3.25801,0.74414
3.25904,0.74509
3.26009,0.74512
3.26107,0.74561
3.26210,0.74609
3.26306,0.74661
3.26407,0.74655
3.26504,0.74661
3.26608,0.74658
3.26802,0.74609
3.26905,0.74557
3.27003,0.74564
3.27102,0.74557
3.27204,0.74561
3.28403,0.74512
3.29306,0.74561
3.29802,0.74609
3.29900,0.74661
3.30005,0.74655
3.30106,0.74661
3.30205,0.74707
3.30405,0.74756
3.30502,0.74850
3.30596,0.74857
3.30707,0.74850
3.30809,0.74756
3.30913,0.74710
3.31009,0.74756
3.31105,0.74850
3.31209,0.74857
3.31307,0.74850
3.31405,0.74756
3.31504,0.74710
3.31606,0.74704
3.31705,0.74710
3.31806,0.74707
3.32009,0.74756
3.32102,0.74850
3.32202,0.74857
3.32303,0.74850
3.32406,0.74902
3.32507,0.74905
3.32609,0.74899
3.32705,0.74905
3.32806,0.75000
3.32902,0.75095
3.33005,0.75146
3.33108,0.75198
3.33205,0.75244
3.33300,0.75290
3.33403,0.75296
3.33501,0.75290
3.33607,0.75293
3.33803,0.75439
3.33904,0.75589
3.33998,0.75635
3.34204,0.75684
3.34306,0.75778
3.34406,0.75781
3.34505,0.75833
3.34604,0.75827
3.34703,0.75833
3.34805,0.75928
3.34905,0.76022
3.35004,0.76074
3.35106,0.76126
3.35203,0.76172
3.35303,0.76218
3.35405,0.76270
3.35503,0.76370
3.35607,0.76364
3.35708,0.76370
3.35807,0.76465
3.35903,0.76559
3.36005,0.76660
3.36115,0.76761
3.36206,0.76807
3.36303,0.76901
3.36403,0.76904
3.36506,0.76953
3.36802,0.77002
3.36908,0.77054
3.37004,0.77100
3.37103,0.77145
3.37208,0.77151
3.37304,0.77145
3.37411,0.77148
3.37808,0.77246
3.37907,0.77298
3.38003,0.77393
3.38101,0.77438
3.38205,0.77441
3.38304,0.77490
3.38404,0.77539
3.38507,0.77591
3.38605,0.77585
3.38710,0.77591
3.38805,0.77588
3.39202,0.77637
3.39306,0.77682
3.39404,0.77734
3.39503,0.77835
3.39603,0.77829
3.39703,0.77835
3.39806,0.77832
3.39909,0.77881
3.40009,0.77832
3.40905,0.77881
3.41005,0.77930
3.41103,0.77975
3.41207,0.77982
3.41304,0.77975
3.41402,0.77979
3.41802,0.78076
3.41908,0.78177
3.42011,0.78171
3.42105,0.78177
3.42204,0.78223
3.42310,0.78220
3.42408,0.78320
3.42506,0.78421
3.42603,0.78415
3.42702,0.78421
3.42816,0.78516
3.42905,0.78610
3.43003,0.78616
3.43101,0.78610
3.43202,0.78662
3.43299,0.78763
3.43400,0.78757
3.43502,0.78763
3.43610,0.78760
3.44014,0.78857
3.44108,0.78903
3.44215,0.78955
3.45012,0.79004
3.45106,0.79056
3.45205,0.79102
3.45312,0.79147
3.45413,0.79153
3.45503,0.79147
3.45607,0.79150
3.45805,0.79297
3.45903,0.79446
3.46000,0.79440
3.46096,0.79446
3.46199,0.79395
3.46302,0.79343
3.46405,0.79395
3.46510,0.79446
3.46612,0.79440
3.46698,0.79446
3.46805,0.79492
3.46903,0.79538
3.47003,0.79544
3.47102,0.79538
3.47206,0.79541
3.47807,0.79590
3.47902,0.79642
3.48003,0.79590
3.48110,0.79538
3.48205,0.79590
3.48303,0.79642
3.48405,0.79636
3.48498,0.79642
3.48608,0.79639
3.49462,0.79688
3.49910,0.79639
3.50002,0.79688
3.50201,0.79785
3.50314,0.79831
3.50410,0.79785
3.50502,0.79691
3.50603,0.79684
3.50703,0.79691
3.50802,0.79688
3.51207,0.79785
3.51309,0.79831
3.51404,0.79834
3.51504,0.79883
3.51795,0.79980
3.51905,0.80081
3.52007,0.80127
3.52101,0.80222
3.52208,0.80228
3.52311,0.80222
3.52401,0.80225
3.52498,0.80273
3.53409,0.80322
3.53506,0.80374
3.53600,0.80368
3.53702,0.80374
3.53805,0.80371
3.54405,0.80420
3.54503,0.80466
3.54609,0.80472
3.54707,0.80466
3.54802,0.80469
3.55008,0.80518
3.55107,0.80569
3.55228,0.80563
3.55311,0.80569
3.55404,0.80566
3.55798,0.80615
3.55910,0.80612
3.56007,0.80713
3.56102,0.80814
3.56203,0.80807
3.56303,0.80814
3.56405,0.80811
3.56997,0.80762
3.57298,0.80811
3.57401,0.80859
3.57507,0.80905
3.57602,0.80911
3.57703,0.80905
3.57809,0.80957
3.57906,0.81009
3.58006,0.81055
3.58102,0.81149
3.58207,0.81155
3.58301,0.81149
3.58395,0.81152
3.60807,0.81250
3.60901,0.81302
3.61002,0.81296
3.61106,0.81302
3.61200,0.81299
3.61403,0.81250
3.61503,0.81149
3.61604,0.81155
3.61702,0.81149
3.61801,0.81152
3.65210,0.81250
3.65307,0.81302
3.65402,0.81296
3.65506,0.81302
3.65602,0.81299
3.65809,0.81348
3.66006,0.81396
3.66108,0.81442
3.66201,0.81448
3.66302,0.81442
3.66401,0.81494
3.66500,0.81546
3.66602,0.81540
3.66703,0.81546
3.66808,0.81543
3.66996,0.81641
3.67104,0.81686
3.67206,0.81693
3.67300,0.81686
3.67406,0.81787
3.67500,0.81839
3.67605,0.81833
3.67699,0.81839
3.67805,0.81934
3.67903,0.82077
3.67997,0.81982
3.68101,0.81937
3.68203,0.81931
3.68308,0.81937
3.68404,0.81934
3.69207,0.81982
3.69305,0.82077
3.69398,0.82080
3.69826,0.82178
3.69910,0.82230
3.70004,0.82224
3.70101,0.82230
3.70200,0.82227
3.70935,0.82275
3.71419,0.82178
3.71507,0.82077
3.71605,0.82083
3.71708,0.82077
3.71798,0.82178
3.71905,0.82230
3.72006,0.82227
3.72106,0.82275
3.72408,0.82324
3.72502,0.82370
3.72616,0.82376
3.72722,0.82370
3.72813,0.82324
3.72912,0.82278
3.73031,0.82272
3.73114,0.82278
3.73222,0.82275
3.73510,0.82324
3.73613,0.82370
3.73710,0.82376
3.73815,0.82520
3.73912,0.82614
3.74013,0.82620
3.74123,0.82614
3.74215,0.82617
3.75122,0.82666
3.75410,0.82715
3.75503,0.82767
3.75604,0.82761
3.75708,0.82767
3.75806,0.82764
3.76804,0.82861
3.76903,0.82956
3.77006,0.83008
3.77201,0.83105
3.77303,0.83157
3.77411,0.83151
3.77503,0.83157
3.77600,0.83154
3.77914,0.83203
3.78009,0.83154
3.78904,0.83203
3.79007,0.83252
3.79104,0.83298
3.79212,0.83304
3.79305,0.83298
3.79401,0.83350
3.79505,0.83401
3.79600,0.83395
3.79701,0.83401
3.79808,0.83545
3.79905,0.83688
3.80009,0.83740
3.80098,0.83792
3.80201,0.83838
3.80308,0.83835
3.80404,0.83838
3.80505,0.83792
3.80609,0.83786
3.80704,0.83792
3.80815,0.83789
3.81207,0.83838
3.81305,0.83835
3.81406,0.83887
3.81505,0.83939
3.81604,0.83932
3.81707,0.83939
3.81803,0.83936
3.82004,0.84033
3.82105,0.84079
3.82202,0.84085
3.82309,0.84079
3.82409,0.84082
3.82897,0.84131
3.83804,0.84180
3.83905,0.84232
3.84004,0.84225
3.84111,0.84232
3.84208,0.84277
3.84306,0.84323
3.84409,0.84329
3.84502,0.84323
3.84599,0.84326
3.85204,0.84424
3.85305,0.84476
3.85412,0.84570
3.85503,0.84616
3.85606,0.84622
3.85705,0.84616
3.85808,0.84619
3.86004,0.84521
3.86099,0.84476
3.86205,0.84470
3.86300,0.84476
3.86405,0.84473
3.87038,0.84570
3.87104,0.84665
3.87209,0.84671
3.87303,0.84665
3.87404,0.84717
3.87504,0.84769
3.87594,0.84763
3.87703,0.84769
3.87806,0.84814
3.87905,0.84860
3.88002,0.84814
3.88100,0.84769
3.88205,0.84814
3.88305,0.84860
3.88402,0.84912
3.88500,0.85013
3.88601,0.85007
3.88709,0.85013
3.88803,0.85059
3.88901,0.85153
3.89003,0.85159
3.89103,0.85153
3.89204,0.85156
3.89404,0.85205
3.89507,0.85257
3.89607,0.85251
3.89702,0.85257
3.89801,0.85254
3.90006,0.85352
3.90107,0.85397
3.90203,0.85403
3.90301,0.85397
3.90406,0.85400
3.90803,0.85498
3.90905,0.85599
3.91004,0.85645
3.91103,0.85690
3.91207,0.85742
3.91305,0.85794
3.91403,0.85788
3.91503,0.85794
3.91604,0.85791
3.91802,0.85840
3.91904,0.85934
3.92005,0.85938
3.92405,0.85986
3.92500,0.86087
3.92600,0.86081
3.92700,0.86087
3.92807,0.86084
3.93008,0.86133
3.93102,0.86179
3.93229,0.86185
3.93303,0.86179
3.93401,0.86182
3.94206,0.86230
3.94303,0.86282
3.94404,0.86276
3.94506,0.86282
3.94605,0.86279
3.94806,0.86328
3.95002,0.86426
3.95106,0.86472
3.95200,0.86426
3.95302,0.86331
3.95403,0.86325
3.95503,0.86331
3.95606,0.86328
3.95801,0.86426
3.95902,0.86520
3.96000,0.86526
3.96107,0.86520
3.96206,0.86621
3.96301,0.86722
3.96405,0.86670
3.96502,0.86618
3.96614,0.86624
3.96701,0.86618
3.96804,0.86670
3.96903,0.86722
3.97008,0.86768
3.97102,0.86862
3.97201,0.86868
3.97304,0.86862
3.97429,0.86865
3.97807,0.86914
3.99802,0.86963
4.04800,0.87012
4.11205,0.87061
4.13498,0.87109
4.15403,0.87158
4.22403,0.87207
4.22901,0.87158
4.23000,0.87207
4.27804,0.87256
4.28600,0.87207
4.29199,0.87256
4.30305,0.87207
4.30401,0.87256
4.37010,0.87305
4.40004,0.87354
4.46410,0.87402
4.51206,0.87451
4.54802,0.87500
4.58205,0.87549
4.61503,0.87598
4.66202,0.87646
4.70499,0.87695
4.70901,0.87646
4.71002,0.87695
4.71294,0.87646
4.71802,0.87695
4.76203,0.87744
4.77299,0.87695
4.77397,0.87744
4.81802,0.87793
4.89203,0.87842
4.91803,0.87891
4.93200,0.87939
4.95404,0.87988
5.00004,0.88037
5.03806,0.88086
5.06200,0.88135
5.07919,0.88184
5.09404,0.88232
5.11004,0.88281
5.13801,0.88330
5.15804,0.88379
5.18496,0.88428
5.26204,0.88477
5.26903,0.88428
5.27806,0.88477
5.30801,0.88525
5.35226,0.88574
5.37997,0.88623
5.40002,0.88672
5.42800,0.88721
5.47502,0.88770
5.51800,0.88818
5.57796,0.88867
5.62304,0.88916
5.67302,0.88965
5.72108,0.89014
5.75100,0.89062
5.78799,0.89111
5.83012,0.89160
5.87298,0.89209
5.90500,0.89258
5.93092,0.89307
5.96795,0.89355
5.97896,0.89307
5.99002,0.89355
6.06801,0.89404
6.08497,0.89453
6.11798,0.89502
6.15306,0.89551
6.19104,0.89600
6.24802,0.89648
6.29802,0.89697
6.36295,0.89746
6.39994,0.89795
6.43800,0.89844
6.48003,0.89893
6.50096,0.89941
6.53001,0.89990
6.57301,0.90039
6.60296,0.90088
6.62545,0.90137
6.66806,0.90186
6.70798,0.90234
6.72993,0.90283
6.74808,0.90332
6.76302,0.90381
6.79001,0.90430
6.83800,0.90479
6.88796,0.90527
6.92495,0.90576
6.97796,0.90625
7.00496,0.90674
7.03106,0.90723
7.06495,0.90771
7.10297,0.90820
7.13092,0.90869
7.16800,0.90918
7.21802,0.90967
7.24795,0.91016
7.27001,0.91064
7.30354,0.91113
7.30597,0.91064
7.30789,0.91113
7.36795,0.91162
7.39298,0.91211
7.41796,0.91260
7.43504,0.91309
7.46296,0.91357
7.48798,0.91406
7.50895,0.91455
7.53099,0.91504
7.56300,0.91553
7.59824,0.91602
7.61899,0.91650
7.64799,0.91699
7.68497,0.91748
7.71296,0.91797
7.73297,0.91846
7.75491,0.91895
7.77102,0.91943
7.78795,0.91992
7.79901,0.92041
7.81300,0.92090
7.83099,0.92139
7.85792,0.92188
7.87893,0.92236
7.89498,0.92285
7.91499,0.92334
7.92797,0.92383
7.94098,0.92432
7.95299,0.92480
7.96796,0.92529
7.98292,0.92578
8.01103,0.92627
8.03301,0.92676
8.04996,0.92725
8.06801,0.92773
8.09099,0.92822
8.12996,0.92871
8.15307,0.92920
8.17097,0.92969
8.18097,0.93018
8.19293,0.93066
8.20299,0.93115
8.21788,0.93164
8.23790,0.93213
8.24998,0.93262
8.26100,0.93311
8.27298,0.93359
8.28097,0.93408
8.29494,0.93457
8.30794,0.93506
8.32498,0.93555
8.34297,0.93604
8.36093,0.93652
8.38493,0.93701
8.41799,0.93750
8.48094,0.93799
8.50189,0.93750
8.50297,0.93799
8.50608,0.93750
8.50799,0.93799
8.56492,0.93848
8.65306,0.93896
8.73794,0.93945
8.76794,0.93994
8.79093,0.94043
8.81795,0.94092
8.84295,0.94141
8.86795,0.94189
8.91497,0.94238
8.94298,0.94287
8.96787,0.94336
9.01797,0.94385
9.06293,0.94434
9.09295,0.94482
9.12495,0.94531
9.14292,0.94580
9.17792,0.94629
9.21793,0.94678
9.24798,0.94727
9.26299,0.94775
9.27995,0.94824
9.30796,0.94873
9.34806,0.94922
9.38496,0.94971
9.41793,0.95020
9.43894,0.95068
9.45899,0.95117
9.48093,0.95166
9.49795,0.95215
9.51499,0.95264
9.53297,0.95312
9.55298,0.95361
9.56792,0.95410
9.58798,0.95459
9.61195,0.95508
9.64290,0.95557
9.66896,0.95605
9.68897,0.95654
9.71495,0.95703
9.75293,0.95752
9.77089,0.95801
9.78491,0.95850
9.80916,0.95898
9.85493,0.95947
9.87986,0.95996
9.90491,0.96045
9.92006,0.96094
9.93792,0.96143
9.95894,0.96191
9.97494,0.96240
9.99499,0.96289
10.00905,0.96338
10.02089,0.96387
10.03190,0.96436
10.04493,0.96484
10.05897,0.96533
10.06993,0.96582
10.08797,0.96631
10.10793,0.96680
10.13491,0.96729
10.16087,0.96777
10.18093,0.96826
10.20290,0.96875
10.22490,0.96924
10.23995,0.96973
10.24995,0.97021
10.26290,0.97070
10.27289,0.97119
10.28489,0.97168
10.29891,0.97217
10.31190,0.97266
10.32788,0.97314
10.33885,0.97363
10.34895,0.97412
10.36295,0.97461
10.37311,0.97510
10.38093,0.97559
10.39017,0.97607
10.40094,0.97656
10.41493,0.97705
10.42489,0.97754
10.43491,0.97803
10.44794,0.97852
10.46491,0.97900
10.50329,0.97949
10.52089,0.97998
10.53487,0.98047
10.54392,0.98096
10.55293,0.98145
10.56491,0.98193
10.57309,0.98242
10.58191,0.98291
10.59807,0.98340
10.61094,0.98389
10.61892,0.98438
10.62593,0.98486
10.63290,0.98535
10.64190,0.98584
10.64920,0.98633
10.65791,0.98682
10.66896,0.98730
10.67796,0.98779
10.68595,0.98828
10.69397,0.98877
10.70207,0.98926
10.71290,0.98975
10.71984,0.99023

# Filtered Data
# Time,Position
0.00014,0.05029
0.00104,0.05081
0.00201,0.05127
0.00804,0.05322
0.00900,0.05466
0.01005,0.05518
0.01402,0.05566
0.01515,0.05667
0.01705,0.05667
0.02007,0.05713
0.02209,0.05716
0.02403,0.05811
0.02512,0.05862
0.02701,0.05862
0.02804,0.05957
0.02904,0.06003
0.03002,0.06009
0.03202,0.06055
0.03802,0.06152
0.03900,0.06302
0.04111,0.06302
0.04204,0.06348
0.04302,0.06393
0.04412,0.06445
0.04801,0.06592
0.04902,0.06741
0.05202,0.06693
0.05402,0.06738
0.05504,0.06741
0.05703,0.06741
0.06210,0.06689
0.06301,0.06741
0.06608,0.06693
0.06802,0.06738
0.06906,0.06741
0.07002,0.06885
0.07102,0.06979
0.07204,0.06985
0.07407,0.06982
0.08301,0.07031
0.08799,0.07080
0.08901,0.07132
0.09104,0.07132
0.09408,0.07178
0.09502,0.07224
0.09602,0.07230
0.09807,0.07275
0.09902,0.07327
0.10004,0.07373
0.10202,0.07471
0.10302,0.07516
0.10705,0.07376
0.10802,0.07520
0.10906,0.07614
0.11006,0.07715
0.11107,0.07767
0.11201,0.07861
0.11306,0.07907
0.11405,0.07910
0.11503,0.07959
0.11808,0.08154
0.11907,0.08353
0.12002,0.08398
0.12102,0.08444
0.12207,0.08496
0.12826,0.08691
0.12901,0.08890
0.13002,0.08984
0.13101,0.09030
0.13207,0.09036
0.13410,0.09082
0.13504,0.09134
0.13710,0.09134
0.13809,0.09180
0.13911,0.09274
0.14019,0.09326
0.14106,0.09427
0.14205,0.09521
0.14325,0.09567
0.14412,0.09573
0.14608,0.09570
0.14806,0.09619
0.14909,0.09671
0.15206,0.09573
0.15404,0.09619
0.15510,0.09671
0.15713,0.09671
0.16014,0.09619
0.16114,0.09671
0.16300,0.09671
0.16403,0.09717
0.16512,0.09811
0.16606,0.09818
0.16801,0.09863
0.16901,0.09964
0.17009,0.10010
0.17103,0.10056
0.17201,0.10062
0.17421,0.10059
0.17802,0.10156
0.17902,0.10208
0.18001,0.10254
0.18401,0.10205
0.18500,0.10257
0.18701,0.10257
0.19199,0.10205
0.19299,0.10257
0.19406,0.10303
0.19502,0.10349
0.19602,0.10355
0.19801,0.10352
0.20002,0.10400
0.20801,0.10449
0.20902,0.10550
0.21104,0.10550
0.21201,0.10596
0.21305,0.10641
0.21705,0.10550
0.22003,0.10596
0.22101,0.10641
0.22202,0.10648
0.22402,0.10693
0.22508,0.10794
0.22699,0.10794
0.23408,0.10599
0.23603,0.10596
0.23800,0.10645
0.24010,0.10693
0.24105,0.10745
0.24403,0.10693
0.24499,0.10745
0.24702,0.10745
0.24800,0.10791
0.25001,0.10840
0.25113,0.10934
0.25202,0.10986
0.25311,0.11087
0.25501,0.11087
0.25802,0.11133
0.25902,0.11179
0.26404,0.10989
0.26604,0.10986
0.26803,0.11084
0.26906,0.11185
0.27004,0.11230
0.27102,0.11325
0.27200,0.11328
0.27401,0.11426
0.27502,0.11478
0.27702,0.11478
0.27801,0.11523
0.27902,0.11569
0.28000,0.11621
0.28100,0.11722
0.28308,0.11722
0.29002,0.11816
0.29104,0.11862
0.29200,0.11914
0.29408,0.11963
0.29503,0.12064
0.29702,0.12064
0.29804,0.12158
0.29905,0.12253
0.30002,0.12259
0.30204,0.12256
0.30307,0.12305
0.30801,0.12402
0.30915,0.12503
0.31013,0.12598
0.31112,0.12643
0.31202,0.12650
0.31424,0.12646
0.31914,0.12695
0.32014,0.12744
0.32109,0.12796
0.32212,0.12891
0.32306,0.12985
0.32408,0.13037
0.32508,0.13089
0.32712,0.13089
0.32812,0.13135
0.32911,0.13229
0.33019,0.13235
0.33210,0.13232
0.33810,0.13330
0.33906,0.13431
0.34010,0.13477
0.34111,0.13522
0.34208,0.13574
0.34308,0.13626
0.34407,0.13721
0.34511,0.13815
0.34606,0.13821
0.34803,0.13867
0.34909,0.13919
0.35108,0.13919
0.36013,0.13965
0.36119,0.14011
0.36210,0.14062
0.36309,0.14163
0.36813,0.14307
0.36909,0.14401
0.37011,0.14407
0.37203,0.14404
0.38209,0.14453
0.38312,0.14505
0.38508,0.14505
0.39411,0.14551
0.39607,0.14554
0.39807,0.14648
0.39916,0.14700
0.40110,0.14746
0.40412,0.14795
0.40513,0.14890
0.40607,0.14896
0.41117,0.14749
0.41408,0.14795
0.41520,0.14890
0.41617,0.14896
0.41811,0.14990
0.41915,0.15091
0.42106,0.15091
0.42417,0.15137
0.43010,0.15186
0.43108,0.15280
0.43210,0.15332
0.43314,0.15433
0.43412,0.15479
0.43510,0.15524
0.43610,0.15530
0.43810,0.15674
0.43912,0.15823
0.44109,0.15823
0.44214,0.15869
0.44310,0.15915
0.44412,0.15967
0.44515,0.16019
0.44712,0.16019
0.44799,0.16113
0.44917,0.16208
0.45006,0.16211
0.45109,0.16260
0.45214,0.16309
0.45315,0.16360
0.45410,0.16406
0.45511,0.16452
0.45608,0.16458
0.45809,0.16602
0.45911,0.16751
0.46112,0.16751
0.47012,0.16846
0.47106,0.16940
0.47214,0.16943
0.47409,0.17041
0.47509,0.17142
0.47709,0.17142
0.47814,0.17236
0.47910,0.17331
0.48007,0.17383
0.48110,0.17386
0.48211,0.17480
0.48310,0.17526
0.48410,0.17578
0.48806,0.17676
0.48911,0.17776
0.49013,0.17822
0.49108,0.17868
0.49213,0.17920
0.49308,0.17972
0.49401,0.18018
0.49515,0.18063
0.49606,0.18069
0.49812,0.18213
0.49912,0.18362
0.50013,0.18457
0.50110,0.18503
0.50207,0.18604
0.50308,0.18704
0.50408,0.18750
0.50507,0.18845
0.50610,0.18851
0.50811,0.19043
0.50908,0.19193
0.51007,0.19238
0.51109,0.19284
0.51214,0.19290
0.51409,0.19385
0.51510,0.19437
0.51713,0.19437
0.51921,0.19482
0.52203,0.19580
0.52313,0.19626
0.52418,0.19727
0.52499,0.19778
0.52710,0.19778
0.52809,0.19873
0.52912,0.19968
0.53006,0.19974
0.53209,0.19971
0.53607,0.19876
0.53807,0.19922
0.53908,0.19968
0.54009,0.20020
0.54205,0.20068
0.54301,0.20169
0.54406,0.20215
0.54608,0.20218
0.54811,0.20264
0.54912,0.20316
0.55005,0.20361
0.55099,0.20407
0.55508,0.20316
0.55810,0.20459
0.55915,0.20554
0.56009,0.20560
0.56206,0.20557
0.56303,0.20605
0.56808,0.20654
0.56912,0.20706
0.57109,0.20706
0.57214,0.20752
0.57311,0.20798
0.57411,0.20898
0.57512,0.20950
0.57718,0.20950
0.57815,0.21094
0.57905,0.21188
0.58004,0.21240
0.58106,0.21292
0.58217,0.21338
0.58404,0.21436
0.58509,0.21536
0.58707,0.21536
0.58810,0.21729
0.58910,0.21872
0.59017,0.21973
0.59109,0.22073
0.59410,0.22217
0.59507,0.22311
0.59609,0.22318
0.59808,0.22363
0.59911,0.22415
0.60007,0.22510
0.60109,0.22604
0.60209,0.22610
0.60407,0.22656
0.60507,0.22708
0.60708,0.22708
0.60809,0.22852
0.60908,0.22995
0.61008,0.22998
0.61107,0.23047
0.61210,0.23145
0.61309,0.23245
0.61404,0.23340
0.61512,0.23386
0.61611,0.23392
0.61812,0.23389
0.61914,0.23438
0.62010,0.23486
0.62111,0.23538
0.62212,0.23584
0.62308,0.23630
0.62411,0.23636
0.62607,0.23633
0.62814,0.23730
0.62908,0.23831
0.63008,0.23877
0.63107,0.23923
0.63211,0.24023
0.63308,0.24124
0.63508,0.24124
0.63812,0.24219
0.63915,0.24313
0.64308,0.24222
0.64411,0.24268
0.64510,0.24362
0.64612,0.24368
0.64807,0.24365
0.65005,0.24414
0.65108,0.24515
0.65301,0.24515
0.65408,0.24561
0.65615,0.24564
0.65812,0.24609
0.65909,0.24661
0.66108,0.24661
0.66414,0.24658
0.66514,0.24759
0.66706,0.24759
0.66809,0.24854
0.66908,0.24948
0.67004,0.25000
0.67111,0.25052
0.67208,0.25098
0.67310,0.25143
0.67415,0.25150
0.67608,0.25146
0.67807,0.25244
0.67909,0.25296
0.68110,0.25296
0.69408,0.25150
0.69604,0.25146
0.69811,0.25195
0.69917,0.25296
0.70110,0.25296
0.71812,0.25391
0.71908,0.25436
0.72010,0.25488
0.72509,0.25537
0.72612,0.25638
0.72810,0.25638
0.73209,0.25684
0.73407,0.25687
0.73613,0.25684
0.74305,0.25638
0.75009,0.25488
0.75508,0.25296
0.75812,0.25391
0.75910,0.25436
0.76314,0.25296
0.79408,0.25391
0.79515,0.25436
0.79607,0.25443
0.79805,0.25488
0.80805,0.25488
0.81008,0.25537
0.81109,0.25638
0.81212,0.25732
0.81309,0.25827
0.81408,0.25833
0.81607,0.25830
0.82107,0.25638
0.82810,0.25684
0.83010,0.25687
0.83204,0.25684
0.83410,0.25781
0.83511,0.25833
0.83709,0.25833
0.84607,0.25687
0.84810,0.25781
0.84910,0.25882
0.85107,0.25882
0.85807,0.25928
0.85912,0.26022
0.86007,0.26123
0.86108,0.26224
0.86303,0.26270
0.86802,0.26318
0.86916,0.26364
0.87302,0.26273
0.88908,0.26270
0.89015,0.26318
0.89108,0.26364
0.89510,0.26273
0.89808,0.26318
0.89906,0.26364
0.90009,0.26416
0.90209,0.26514
0.90309,0.26566
0.90606,0.26419
0.90811,0.26562
0.90906,0.26663
0.91207,0.26611
0.91301,0.26663
0.91410,0.26709
0.91510,0.26755
0.91611,0.26761
0.91808,0.26758
0.92012,0.26807
0.92210,0.26904
0.92309,0.26956
0.92510,0.26956
0.92809,0.27051
0.92905,0.27145
0.93309,0.27054
0.93418,0.27100
0.93507,0.27145
0.93603,0.27151
0.93806,0.27246
0.93910,0.27396
0.94009,0.27490
0.94108,0.27585
0.94212,0.27686
0.94307,0.27737
0.94511,0.27783
0.94812,0.27832
0.94915,0.27878
0.95011,0.27979
0.95108,0.28079
0.95313,0.28079
0.95408,0.28125
0.95505,0.28171
0.95608,0.28177
0.95814,0.28320
0.95908,0.28470
0.96007,0.28516
0.96108,0.28561
0.96202,0.28613
0.96307,0.28714
0.96409,0.28809
0.96514,0.28903
0.96610,0.28909
0.96808,0.29004
0.96904,0.29105
0.97109,0.29105
0.97308,0.29150
0.97410,0.29245
0.97511,0.29248
0.97612,0.29297
0.97809,0.29395
0.97907,0.29495
0.98000,0.29541
0.98102,0.29636
0.98212,0.29639
0.99014,0.29736
0.99112,0.29788
0.99204,0.29834
1.00009,0.29883
1.00107,0.29977
1.01009,0.29834
1.01409,0.29883
1.01511,0.29977
1.01612,0.29984
1.02012,0.29834
1.02413,0.29834
1.03414,0.29883
1.03508,0.29977
1.03609,0.29984
1.03809,0.30078
1.03907,0.30179
1.04114,0.30179
1.04414,0.30225
1.04808,0.30322
1.04911,0.30417
1.05003,0.30518
1.05109,0.30618
1.05211,0.30664
1.05311,0.30710
1.05405,0.30716
1.05602,0.30713
1.06011,0.30762
1.06207,0.30859
1.06309,0.30911
1.06411,0.30957
1.06510,0.31003
1.06608,0.31009
1.06802,0.31055
1.06912,0.31107
1.07008,0.31152
1.07411,0.31250
1.07506,0.31296
1.07608,0.31302
1.07811,0.31348
1.07902,0.31400
1.08111,0.31400
1.08304,0.31445
1.08509,0.31448
1.08709,0.31445
1.09000,0.31494
1.09108,0.31546
1.09307,0.31546
1.10012,0.31641
1.10109,0.31686
1.10210,0.31693
1.10405,0.31689
1.10507,0.31738
1.10808,0.31836
1.10907,0.31937
1.11109,0.31937
1.11610,0.31741
1.12106,0.31738
1.12407,0.31787
1.12508,0.31839
1.12708,0.31839
1.13405,0.31741
1.13608,0.31738
1.14008,0.31787
1.14109,0.31839
1.14406,0.31787
1.14510,0.31839
1.14720,0.31839
1.17026,0.31885
1.17118,0.31931
1.17213,0.31937
1.17415,0.31934
1.17804,0.31982
1.17908,0.32083
1.18106,0.32083
1.18507,0.32129
1.19210,0.32178
1.19308,0.32224
1.19406,0.32230
1.19608,0.32227
1.20111,0.32132
1.20408,0.32178
1.20508,0.32224
1.20612,0.32230
1.20811,0.32227
1.21411,0.32275
1.21806,0.32471
1.21907,0.32620
1.22111,0.32620
1.22808,0.32666
1.23208,0.32715
1.23312,0.32809
1.23415,0.32816
1.23612,0.32812
1.25011,0.32861
1.25107,0.32864
1.25310,0.32864
1.25811,0.32959
1.25903,0.33005
1.26005,0.33011
1.26222,0.33057
1.26414,0.33105
1.26514,0.33206
1.26704,0.33206
1.27008,0.33011
1.27210,0.33008
1.28408,0.33057
1.30011,0.32959
1.30103,0.33005
1.30208,0.33011
1.30409,0.33057
1.30805,0.33105
1.30905,0.33206
1.31211,0.33301
1.31307,0.33347
1.31406,0.33353
1.31609,0.33350
1.31797,0.33398
1.31907,0.33450
1.32109,0.33450
1.32414,0.33496
1.32508,0.33591
1.32606,0.33597
1.32809,0.33643
1.32909,0.33743
1.33006,0.33789
1.33104,0.33835
1.33209,0.33887
1.33308,0.33939
1.33405,0.33984
1.33613,0.33987
1.33809,0.34131
1.33909,0.34280
1.34007,0.34326
1.34115,0.34372
1.34214,0.34378
1.34406,0.34473
1.34509,0.34525
1.34707,0.34525
1.34906,0.34570
1.36907,0.34570
1.37208,0.34619
1.37306,0.34665
1.37409,0.34671
1.37609,0.34668
1.37811,0.34717
1.37909,0.34769
1.38006,0.34814
1.38110,0.34860
1.38207,0.34866
1.38409,0.34863
1.39005,0.34912
1.39107,0.34964
1.39308,0.34964
1.39409,0.35010
1.39511,0.35104
1.39606,0.35110
1.39806,0.35205
1.39908,0.35257
1.40005,0.35303
1.40111,0.35349
1.40205,0.35355
1.40407,0.35400
1.40507,0.35452
1.40707,0.35452
1.40807,0.35547
1.40903,0.35641
1.41008,0.35645
1.41109,0.35693
1.41409,0.35742
1.41505,0.35794
1.41708,0.35794
1.41811,0.35840
1.41929,0.35886
1.42013,0.35938
1.42112,0.36038
1.42311,0.36038
1.42510,0.36084
1.43008,0.36133
1.43108,0.36179
1.43204,0.36185
1.43427,0.36230
1.43511,0.36282
1.43709,0.36282
1.43804,0.36328
1.43909,0.36423
1.44010,0.36475
1.44110,0.36575
1.44308,0.36575
1.44412,0.36621
1.44816,0.36670
1.44916,0.36765
1.45019,0.36816
1.45107,0.36819
1.45308,0.36819
1.45605,0.36771
1.45813,0.36768
1.46212,0.36816
1.46309,0.36819
1.46509,0.36819
1.46806,0.36914
1.46907,0.36960
1.47000,0.36966
1.47208,0.37012
1.47411,0.37061
1.47508,0.37161
1.47706,0.37161
1.47810,0.37256
1.47906,0.37399
1.48010,0.37405
1.48208,0.37451
1.48305,0.37503
1.48408,0.37549
1.50803,0.37549
1.51810,0.37646
1.51904,0.37692
1.52006,0.37698
1.52418,0.37646
1.52511,0.37692
1.52609,0.37698
1.53010,0.37646
1.53107,0.37692
1.53204,0.37698
1.53408,0.37695
1.53805,0.37695
1.53904,0.37796
1.54103,0.37796
1.54208,0.37842
1.54326,0.37888
1.54412,0.37894
1.54607,0.37891
1.55006,0.37939
1.55411,0.38037
1.55505,0.38089
1.55707,0.38089
1.55822,0.38135
1.55905,0.38181
1.56006,0.38187
1.56209,0.38184
1.56811,0.38232
1.56907,0.38333
1.57011,0.38428
1.57106,0.38474
1.57209,0.38477
1.57306,0.38525
1.57804,0.38623
1.57910,0.38724
1.58012,0.38818
1.58106,0.38864
1.58212,0.38870
1.58409,0.38867
1.58511,0.38916
1.58808,0.38965
1.58907,0.39066
1.59007,0.39160
1.59108,0.39206
1.59207,0.39258
1.59305,0.39310
1.59407,0.39355
1.59506,0.39450
1.59605,0.39456
1.59799,0.39648
1.59911,0.39847
1.60002,0.39893
1.60104,0.39987
1.60205,0.40039
1.60305,0.40140
1.60823,0.40234
1.60899,0.40378
1.61008,0.40384
1.61801,0.40527
1.61910,0.40622
1.62013,0.40628
1.62208,0.40674
1.62301,0.40677
1.62408,0.40723
1.63010,0.40527
1.63405,0.40576
1.63507,0.40628
1.63709,0.40628
1.63810,0.40674
1.63904,0.40720
1.64012,0.40771
1.64106,0.40775
1.64309,0.40775
1.64811,0.40869
1.64911,0.40915
1.65006,0.40921
1.65205,0.40967
1.66014,0.40869
1.66110,0.40915
1.66210,0.40921
1.66406,0.40967
1.67504,0.41016
1.67612,0.41068
1.67803,0.41113
1.68207,0.41016
1.68308,0.41110
1.68412,0.41116
1.68607,0.41113
1.68807,0.41162
1.68906,0.41165
1.69004,0.41260
1.69108,0.41306
1.69208,0.41312
1.69407,0.41309
1.69514,0.41357
1.69817,0.41455
1.69907,0.41556
1.70105,0.41556
1.70805,0.41650
1.70905,0.41745
1.71011,0.41797
1.71107,0.41849
1.71207,0.41895
1.72413,0.41992
1.72506,0.42038
1.72607,0.42044
1.72813,0.42090
1.72907,0.42142
1.73005,0.42188
1.73105,0.42282
1.73206,0.42288
1.73407,0.42383
1.73506,0.42484
1.73707,0.42484
1.73806,0.42627
1.73908,0.42819
1.74008,0.42822
1.74107,0.42871
1.74205,0.42920
1.74303,0.42972
1.74405,0.43018
1.74509,0.43063
1.74611,0.43069
1.74814,0.43213
1.74913,0.43362
1.75012,0.43408
1.75403,0.43506
1.75505,0.43600
1.75606,0.43607
1.75809,0.43701
1.75910,0.43802
1.76006,0.43896
1.76107,0.43942
1.76211,0.43948
1.76405,0.43945
1.76804,0.43994
1.76905,0.44046
1.77108,0.44046
1.77204,0.44092
1.77316,0.44138
1.77411,0.44189
1.77504,0.44290
1.77705,0.44290
1.77811,0.44336
1.77909,0.44431
1.78205,0.44385
1.78310,0.44431
1.78404,0.44437
1.78603,0.44434
1.78809,0.44482
1.78906,0.44534
1.79004,0.44580
1.79108,0.44626
1.79409,0.44580
1.79510,0.44626
1.79609,0.44632
1.80105,0.44534
1.80408,0.44580
1.80510,0.44626
1.80609,0.44632
1.80806,0.44727
1.80901,0.44827
1.81111,0.44827
1.81405,0.44681
1.81610,0.44678
1.82009,0.44727
1.82104,0.44827
1.82301,0.44827
1.83013,0.44873
1.83209,0.44922
1.83305,0.44974
1.83508,0.44974
1.85009,0.45020
1.85109,0.45065
1.85206,0.45166
1.85316,0.45218
1.85506,0.45312
1.85612,0.45364
1.85807,0.45508
1.85905,0.45609
1.86106,0.45609
1.87005,0.45654
1.87104,0.45749
1.87207,0.45755
1.87416,0.45801
1.87509,0.45901
1.87708,0.45901
1.88004,0.45850
1.88107,0.45901
1.88206,0.45947
1.88306,0.45993
1.88404,0.46094
1.88505,0.46146
1.88707,0.46146
1.89798,0.46240
1.89910,0.46384
1.90019,0.46436
1.90102,0.46487
1.90308,0.46487
1.90404,0.46533
1.91510,0.46582
1.91608,0.46677
1.91708,0.46683
1.92012,0.46826
1.92101,0.46921
1.92196,0.46927
1.92414,0.46924
1.92810,0.46973
1.92908,0.47025
1.93105,0.47025
1.93208,0.47070
1.94014,0.47119
1.94106,0.47214
1.94207,0.47220
1.94407,0.47266
1.94511,0.47269
1.94716,0.47269
1.94805,0.47363
1.94911,0.47458
1.95006,0.47464
1.95205,0.47510
1.95309,0.47562
1.95411,0.47607
1.95804,0.47705
1.95905,0.47751
1.96007,0.47803
1.96105,0.47855
1.96409,0.47757
1.96604,0.47754
1.97205,0.47803
1.97308,0.47855
1.97411,0.47900
1.97508,0.47946
1.97605,0.47952
1.97807,0.47949
1.98010,0.47998
1.98403,0.48047
1.98508,0.48148
1.98704,0.48148
1.98807,0.48193
1.98906,0.48288
1.99007,0.48340
1.99108,0.48392
1.99207,0.48438
1.99305,0.48483
1.99406,0.48489
1.99610,0.48486
1.99815,0.48633
1.99909,0.48734
2.00208,0.48730
2.00307,0.48782
2.00608,0.48685
2.01006,0.48633
2.01107,0.48776
2.01205,0.48828
2.01308,0.48929
2.01402,0.48975
2.01511,0.49069
2.01605,0.49075
2.01808,0.49072
2.02417,0.49072
2.02813,0.49170
2.02917,0.49222
2.03008,0.49268
2.03103,0.49313
2.03211,0.49365
2.03305,0.49417
2.03509,0.49417
2.04433,0.49463
2.05212,0.49512
2.05318,0.49606
2.05701,0.49466
2.05803,0.49658
2.05911,0.49802
2.06009,0.49808
2.06205,0.49854
2.06411,0.49902
2.06508,0.49954
2.06704,0.49954
2.07410,0.49857
2.07608,0.49854
2.07805,0.49902
2.07909,0.49954
2.08104,0.49954
2.08210,0.50000
2.08808,0.50098
2.08907,0.50143
2.09016,0.50150
2.09210,0.50146
2.10008,0.50195
2.10108,0.50247
2.10308,0.50247
2.10506,0.50293
2.10611,0.50339
2.10706,0.50345
2.10808,0.50391
2.12033,0.50391
2.13208,0.50391
2.13805,0.50439
2.13911,0.50534
2.14008,0.50586
2.14107,0.50589
2.14411,0.50540
2.14605,0.50537
2.14809,0.50586
2.14911,0.50687
2.15206,0.50635
2.15307,0.50687
2.15507,0.50687
2.16009,0.50732
2.16106,0.50778
2.16203,0.50784
2.16403,0.50781
2.16797,0.50830
2.16907,0.50882
2.17009,0.50928
2.17834,0.51074
2.17922,0.51169
2.18002,0.51175
2.18208,0.51221
2.18311,0.51273
2.18409,0.51367
2.18505,0.51462
2.18612,0.51468
2.18807,0.51465
2.19008,0.51562
2.19110,0.51614
2.19305,0.51614
2.19803,0.51709
2.19912,0.51804
2.20005,0.51855
2.20211,0.51953
2.20311,0.52005
2.20407,0.52051
2.20607,0.52054
2.20811,0.52197
2.20913,0.52347
2.21102,0.52347
2.21208,0.52441
2.21303,0.52536
2.21404,0.52542
2.21509,0.52588
2.21611,0.52634
2.21704,0.52640
2.21805,0.52686
2.21903,0.52780
2.22006,0.52881
2.22107,0.52982
2.22206,0.53076
2.22305,0.53122
2.22407,0.53125
2.22505,0.53174
2.22809,0.53320
2.22906,0.53470
2.23011,0.53516
2.23103,0.53561
2.23206,0.53568
2.23405,0.53564
2.23504,0.53613
2.23607,0.53665
2.23810,0.53760
2.23906,0.53860
2.24009,0.53906
2.24209,0.54004
2.24300,0.54105
2.24404,0.54150
2.24506,0.54196
2.24602,0.54202
2.24804,0.54248
2.25010,0.54346
2.25107,0.54398
2.25203,0.54443
2.25405,0.54541
2.25506,0.54642
2.25710,0.54642
2.25808,0.54736
2.25908,0.54782
2.26003,0.54788
2.26206,0.54785
2.26808,0.54932
2.26907,0.55032
2.27006,0.55078
2.27105,0.55124
2.27203,0.55130
2.27406,0.55127
2.28006,0.55078
2.28106,0.55124
2.28210,0.55130
2.28406,0.55176
2.28809,0.55225
2.28905,0.55325
2.29005,0.55371
2.29206,0.55371
2.29510,0.55371
2.29604,0.55374
2.29816,0.55374
2.30006,0.55469
2.30104,0.55515
2.30204,0.55518
2.30307,0.55566
2.31408,0.55615
2.31507,0.55667
2.31707,0.55667
2.31804,0.55762
2.31916,0.55856
2.32003,0.55862
2.32207,0.55908
2.32315,0.55960
2.32408,0.56006
2.32506,0.56052
2.32604,0.56058
2.32805,0.56104
2.33431,0.56152
2.33508,0.56253
2.33706,0.56253
2.33806,0.56299
2.34008,0.56396
2.34130,0.56448
2.34316,0.56448
2.34917,0.56494
2.35317,0.56543
2.35411,0.56589
2.35513,0.56595
2.35711,0.56592
2.35812,0.56689
2.35907,0.56790
2.36009,0.56836
2.36107,0.56882
2.36207,0.56934
2.36299,0.56985
2.36538,0.56985
2.37217,0.56934
2.37307,0.56985
2.37497,0.56985
2.38005,0.57129
2.38110,0.57224
2.38207,0.57230
2.38402,0.57275
2.38505,0.57327
2.38702,0.57327
2.39006,0.57373
2.39105,0.57419
2.39203,0.57425
2.39401,0.57471
2.39510,0.57523
2.39707,0.57523
2.39808,0.57617
2.39914,0.57712
2.40002,0.57718
2.40206,0.57715
2.40802,0.57764
2.40907,0.57767
2.41003,0.57861
2.41099,0.57907
2.41207,0.57959
2.41810,0.58057
2.41905,0.58109
2.42003,0.58203
2.42103,0.58249
2.42203,0.58301
2.42301,0.58353
2.42407,0.58398
2.42506,0.58444
2.42602,0.58450
2.42816,0.58496
2.43222,0.58545
2.43318,0.58646
2.43416,0.58691
2.43611,0.58694
2.43807,0.58789
2.43905,0.58841
2.44105,0.58887
2.44217,0.58936
2.44307,0.58981
2.44406,0.58987
2.44604,0.58984
2.45407,0.59033
2.45823,0.59131
2.45903,0.59183
2.46205,0.59036
2.46405,0.59033
2.47503,0.58890
2.48110,0.58887
2.48508,0.58936
2.48607,0.58981
2.48701,0.58987
2.49007,0.58936
2.49101,0.58987
2.49308,0.58987
2.50004,0.59033
2.50516,0.59131
2.50606,0.59274
2.50708,0.59280
2.50808,0.59326
2.50905,0.59372
2.51004,0.59424
2.51211,0.59473
2.51305,0.59573
2.51511,0.59619
2.51612,0.59622
2.51805,0.59717
2.51910,0.59769
2.52108,0.59769
2.52317,0.59814
2.52812,0.59863
2.52907,0.59958
2.53008,0.60059
2.53100,0.60159
2.53208,0.60254
2.53311,0.60300
2.53407,0.60352
2.53809,0.60498
2.53905,0.60648
2.54010,0.60693
2.54104,0.60739
2.54207,0.60791
2.54304,0.60892
2.54402,0.60986
2.54512,0.61081
2.54606,0.61087
2.54804,0.61182
2.54909,0.61234
2.55106,0.61279
2.55405,0.61328
2.55505,0.61374
2.55603,0.61380
2.55808,0.61475
2.55905,0.61575
2.56004,0.61670
2.56107,0.61765
2.56204,0.61865
2.56302,0.61966
2.56506,0.61966
2.56812,0.62061
2.56909,0.62155
2.57006,0.62158
2.57100,0.62207
2.57207,0.62256
2.57298,0.62308
2.57408,0.62354
2.57811,0.62451
2.57905,0.62497
2.58006,0.62503
2.58209,0.62500
2.58707,0.62357
2.59008,0.62354
2.59415,0.62451
2.59511,0.62497
2.59606,0.62503
2.59798,0.62549
2.59906,0.62552
2.60203,0.62549
2.60302,0.62552
2.60506,0.62552
2.60810,0.62646
2.60906,0.62692
2.61003,0.62744
2.61405,0.62744
2.62007,0.62744
2.63803,0.62793
2.63906,0.62845
2.64006,0.62891
2.64109,0.62936
2.64203,0.62943
2.64396,0.63037
2.64509,0.63089
2.64704,0.63089
2.64812,0.63184
2.64905,0.63229
2.65010,0.63235
2.65206,0.63281
2.66404,0.63281
2.66803,0.63330
2.66899,0.63431
2.67013,0.63525
2.67106,0.63620
2.67203,0.63623
2.67311,0.63672
2.67804,0.63721
2.67902,0.63773
2.68205,0.63721
2.68306,0.63773
2.68503,0.63773
2.69203,0.63818
2.69308,0.63864
2.69406,0.63870
2.69604,0.63867
2.69802,0.63916
2.69908,0.63968
2.70014,0.64014
2.70107,0.64059
2.70205,0.64066
2.70411,0.64111
2.70506,0.64163
2.70705,0.64163
2.71204,0.64209
2.71807,0.64307
2.71909,0.64401
2.72008,0.64502
2.72100,0.64554
2.72303,0.64554
2.72506,0.64600
2.73004,0.64648
2.73100,0.64694
2.73208,0.64700
2.73408,0.64746
2.73813,0.64844
2.73910,0.64896
2.74096,0.64896
2.74805,0.64941
2.75006,0.64944
2.75205,0.64941
2.77007,0.65039
2.77105,0.65091
2.77304,0.65091
2.77610,0.64944
2.77815,0.64941
2.78305,0.64896
2.78407,0.64941
2.78611,0.64944
2.78805,0.65039
2.78903,0.65140
2.79107,0.65140
2.79499,0.65186
2.79608,0.65280
2.79703,0.65286
2.80005,0.65137
2.80807,0.65137
2.81807,0.65234
2.81902,0.65335
2.82006,0.65430
2.82110,0.65475
2.82510,0.65335
2.84005,0.65430
2.84103,0.65475
2.84206,0.65479
2.84305,0.65527
2.84815,0.65576
2.84908,0.65628
2.85099,0.65628
2.85404,0.65530
2.85603,0.65527
2.86003,0.65576
2.86110,0.65628
2.86312,0.65628
2.87207,0.65482
2.87411,0.65479
2.87911,0.65527
2.88004,0.65576
2.88098,0.65628
2.88307,0.65628
2.89004,0.65530
2.89509,0.65527
2.89803,0.65576
2.89905,0.65628
2.90106,0.65628
2.90409,0.65674
2.91007,0.65674
2.91810,0.65771
2.91909,0.65866
2.92004,0.65872
2.92204,0.65869
2.92811,0.65967
2.92904,0.66019
2.93102,0.66019
2.93611,0.66064
2.93806,0.66113
2.93903,0.66159
2.94013,0.66211
2.94104,0.66263
2.94309,0.66263
2.94816,0.66309
2.94905,0.66403
2.95007,0.66409
2.95206,0.66406
2.95408,0.66455
2.95503,0.66504
2.95606,0.66556
2.95808,0.66699
2.95903,0.66800
2.96108,0.66800
2.96209,0.66895
2.96305,0.66940
2.96404,0.66946
2.96710,0.66800
2.97009,0.66846
2.97108,0.66946
2.97308,0.66946
2.97506,0.66992
2.97808,0.67090
2.97905,0.67184
2.98006,0.67191
2.98198,0.67236
2.98305,0.67288
2.98405,0.67334
2.98506,0.67380
2.98605,0.67386
2.98805,0.67432
2.98903,0.67484
2.99004,0.67529
3.00268,0.67578
3.00318,0.67673
3.00404,0.67679
3.00604,0.67676
3.01405,0.67578
3.01505,0.67673
3.01608,0.67679
3.01812,0.67725
3.01905,0.67728
3.02005,0.67822
3.02098,0.67868
3.02202,0.67871
3.02298,0.67920
3.03005,0.67822
3.03102,0.67868
3.03206,0.67871
3.03310,0.67920
3.03419,0.67969
3.03509,0.68021
3.03703,0.68021
3.03802,0.68066
3.04410,0.68115
3.04507,0.68210
3.04605,0.68216
3.04802,0.68262
3.04907,0.68265
3.05025,0.68359
3.05105,0.68405
3.05205,0.68411
3.05411,0.68408
3.05804,0.68506
3.05901,0.68558
3.06004,0.68604
3.06104,0.68649
3.06207,0.68750
3.06302,0.68802
3.06507,0.68848
3.06808,0.68896
3.06904,0.68942
3.07007,0.69043
3.07106,0.69144
3.07204,0.69189
3.07410,0.69287
3.07515,0.69388
3.07702,0.69388
3.07812,0.69531
3.07909,0.69724
3.08003,0.69727
3.08110,0.69775
3.08208,0.69824
3.08307,0.69876
3.08400,0.69922
3.08802,0.70020
3.08903,0.70114
3.09009,0.70120
3.09207,0.70117
3.09811,0.70215
3.09907,0.70316
3.10006,0.70361
3.10103,0.70407
3.10204,0.70459
3.10309,0.70511
3.10501,0.70511
3.11010,0.70413
3.11208,0.70459
3.11305,0.70511
3.11404,0.70557
3.11505,0.70602
3.11610,0.70609
3.11803,0.70703
3.11898,0.70804
3.12109,0.70804
3.12204,0.70850
3.13008,0.70850
3.13405,0.70850
3.13805,0.70898
3.13905,0.70944
3.14005,0.70996
3.14104,0.71048
3.14298,0.71048
3.14603,0.70950
3.14808,0.70947
3.15401,0.70996
3.15507,0.71048
3.15707,0.71048
3.15803,0.71143
3.15904,0.71188
3.16000,0.71191
3.16099,0.71240
3.16208,0.71289
3.16305,0.71341
3.16405,0.71387
3.17818,0.71387
3.18205,0.71436
3.18305,0.71530
3.18403,0.71536
3.18503,0.71582
3.18706,0.71585
3.18806,0.71680
3.18903,0.71774
3.19006,0.71826
3.19103,0.71878
3.19304,0.72021
3.19407,0.72171
3.19507,0.72217
3.19607,0.72263
3.19700,0.72269
3.19801,0.72412
3.19904,0.72507
3.20006,0.72513
3.20207,0.72656
3.20312,0.72806
3.20404,0.72852
3.20505,0.72897
3.20617,0.72903
3.20810,0.72998
3.20895,0.73050
3.21006,0.73145
3.21108,0.73190
3.21201,0.73242
3.21510,0.73340
3.21607,0.73441
3.21806,0.73441
3.22008,0.73633
3.22104,0.73825
3.22202,0.73877
3.22308,0.73929
3.22406,0.73975
3.22605,0.73978
3.22817,0.74072
3.22904,0.74124
3.23101,0.74124
3.23411,0.74219
3.23517,0.74265
3.23606,0.74271
3.23804,0.74316
3.23905,0.74368
3.24107,0.74368
3.24610,0.74271
3.24814,0.74316
3.24905,0.74368
3.25104,0.74368
3.25410,0.74316
3.25504,0.74368
3.25707,0.74368
3.25801,0.74414
3.25904,0.74509
3.26009,0.74512
3.26107,0.74561
3.26210,0.74609
3.26306,0.74661
3.26504,0.74661
3.27003,0.74564
3.27204,0.74561
3.29306,0.74561
3.29802,0.74609
3.29900,0.74661
3.30106,0.74661
3.30205,0.74707
3.30405,0.74756
3.30502,0.74850
3.30596,0.74857
3.31009,0.74756
3.31105,0.74850
3.31209,0.74857
3.31705,0.74710
3.32009,0.74756
3.32102,0.74850
3.32202,0.74857
3.32406,0.74902
3.32507,0.74905
3.32705,0.74905
3.32806,0.75000
3.32902,0.75095
3.33005,0.75146
3.33108,0.75198
3.33205,0.75244
3.33300,0.75290
3.33403,0.75296
3.33607,0.75293
3.33803,0.75439
3.33904,0.75589
3.33998,0.75635
3.34204,0.75684
3.34306,0.75778
3.34406,0.75781
3.34505,0.75833
3.34703,0.75833
3.34805,0.75928
3.34905,0.76022
3.35004,0.76074
3.35106,0.76126
3.35203,0.76172
3.35303,0.76218
3.35405,0.76270
3.35503,0.76370
3.35708,0.76370
3.35807,0.76465
3.35903,0.76559
3.36005,0.76660
3.36115,0.76761
3.36206,0.76807
3.36303,0.76901
3.36403,0.76904
3.36506,0.76953
3.36802,0.77002
3.36908,0.77054
3.37004,0.77100
3.37103,0.77145
3.37208,0.77151
3.37411,0.77148
3.37808,0.77246
3.37907,0.77298
3.38003,0.77393
3.38101,0.77438
3.38205,0.77441
3.38304,0.77490
3.38404,0.77539
3.38507,0.77591
3.38710,0.77591
3.39202,0.77637
3.39306,0.77682
3.39404,0.77734
3.39503,0.77835
3.39703,0.77835
3.39909,0.77881
3.40905,0.77881
3.41005,0.77930
3.41103,0.77975
3.41207,0.77982
3.41402,0.77979
3.41802,0.78076
3.41908,0.78177
3.42105,0.78177
3.42204,0.78223
3.42408,0.78320
3.42506,0.78421
3.42702,0.78421
3.42816,0.78516
3.42905,0.78610
3.43003,0.78616
3.43202,0.78662
3.43299,0.78763
3.43502,0.78763
3.44014,0.78857
3.44108,0.78903
3.44215,0.78955
3.45012,0.79004
3.45106,0.79056
3.45205,0.79102
3.45312,0.79147
3.45413,0.79153
3.45607,0.79150
3.45805,0.79297
3.45903,0.79446
3.46096,0.79446
3.46405,0.79395
3.46510,0.79446
3.46698,0.79446
3.46805,0.79492
3.46903,0.79538
3.47003,0.79544
3.47206,0.79541
3.47807,0.79590
3.47902,0.79642
3.48205,0.79590
3.48303,0.79642
3.48498,0.79642
3.49462,0.79688
3.50002,0.79688
3.50201,0.79785
3.50314,0.79831
3.50703,0.79691
3.51207,0.79785
3.51309,0.79831
3.51404,0.79834
3.51504,0.79883
3.51795,0.79980
3.51905,0.80081
3.52007,0.80127
3.52101,0.80222
3.52208,0.80228
3.52401,0.80225
3.52498,0.80273
3.53409,0.80322
3.53506,0.80374
3.53702,0.80374
3.54405,0.80420
3.54503,0.80466
3.54609,0.80472
3.54802,0.80469
3.55008,0.80518
3.55107,0.80569
3.55311,0.80569
3.55798,0.80615
3.56007,0.80713
3.56102,0.80814
3.56303,0.80814
3.57298,0.80811
3.57401,0.80859
3.57507,0.80905
3.57602,0.80911
3.57809,0.80957
3.57906,0.81009
3.58006,0.81055
3.58102,0.81149
3.58207,0.81155
3.58395,0.81152
3.60807,0.81250
3.60901,0.81302
3.61106,0.81302
3.61604,0.81155
3.61801,0.81152
3.65210,0.81250
3.65307,0.81302
3.65506,0.81302
3.65809,0.81348
3.66006,0.81396
3.66108,0.81442
3.66201,0.81448
3.66401,0.81494
3.66500,0.81546
3.66703,0.81546
3.66996,0.81641
3.67104,0.81686
3.67206,0.81693
3.67406,0.81787
3.67500,0.81839
3.67699,0.81839
3.67805,0.81934
3.67903,0.82077
3.68308,0.81937
3.69207,0.81982
3.69305,0.82077
3.69398,0.82080
3.69826,0.82178
3.69910,0.82230
3.70101,0.82230
3.70935,0.82275
3.71605,0.82083
3.71798,0.82178
3.71905,0.82230
3.72106,0.82275
3.72408,0.82324
3.72502,0.82370
3.72616,0.82376
3.73114,0.82278
3.73510,0.82324
3.73613,0.82370
3.73710,0.82376
3.73815,0.82520
3.73912,0.82614
3.74013,0.82620
3.74215,0.82617
3.75122,0.82666
3.75410,0.82715
3.75503,0.82767
3.75708,0.82767
3.76804,0.82861
3.76903,0.82956
3.77006,0.83008
3.77201,0.83105
3.77303,0.83157
3.77503,0.83157
3.77914,0.83203
3.78904,0.83203
3.79007,0.83252
3.79104,0.83298
3.79212,0.83304
3.79401,0.83350
3.79505,0.83401
3.79701,0.83401
3.79808,0.83545
3.79905,0.83688
3.80009,0.83740
3.80098,0.83792
3.80201,0.83838
3.80404,0.83838
3.80704,0.83792
3.81207,0.83838
3.81406,0.83887
3.81505,0.83939
3.81707,0.83939
3.82004,0.84033
3.82105,0.84079
3.82202,0.84085
3.82409,0.84082
3.82897,0.84131
3.83804,0.84180
3.83905,0.84232
3.84111,0.84232
3.84208,0.84277
3.84306,0.84323
3.84409,0.84329
3.84599,0.84326
3.85204,0.84424
3.85305,0.84476
3.85412,0.84570
3.85503,0.84616
3.85606,0.84622
3.85808,0.84619
3.86300,0.84476
3.87038,0.84570
3.87104,0.84665
3.87209,0.84671
3.87404,0.84717
3.87504,0.84769
3.87703,0.84769
3.87806,0.84814
3.87905,0.84860
3.88205,0.84814
3.88305,0.84860
3.88402,0.84912
3.88500,0.85013
3.88709,0.85013
3.88803,0.85059
3.88901,0.85153
3.89003,0.85159
3.89204,0.85156
3.89404,0.85205
3.89507,0.85257
3.89702,0.85257
3.90006,0.85352
3.90107,0.85397
3.90203,0.85403
3.90406,0.85400
3.90803,0.85498
3.90905,0.85599
3.91004,0.85645
3.91103,0.85690
3.91207,0.85742
3.91305,0.85794
3.91503,0.85794
3.91802,0.85840
3.91904,0.85934
3.92005,0.85938
3.92405,0.85986
3.92500,0.86087
3.92700,0.86087
3.93008,0.86133
3.93102,0.86179
3.93229,0.86185
3.93401,0.86182
3.94206,0.86230
3.94303,0.86282
3.94506,0.86282
3.94806,0.86328
3.95002,0.86426
3.95106,0.86472
3.95503,0.86331
3.95801,0.86426
3.95902,0.86520
3.96000,0.86526
3.96206,0.86621
3.96301,0.86722
3.96614,0.86624
3.96804,0.86670
3.96903,0.86722
3.97008,0.86768
3.97102,0.86862
3.97201,0.86868
3.97429,0.86865
3.97807,0.86914
3.99802,0.86963
4.04800,0.87012
4.11205,0.87061
4.13498,0.87109
4.15403,0.87158
4.22403,0.87207
4.23000,0.87207
4.27804,0.87256
4.29199,0.87256
4.30401,0.87256
4.37010,0.87305
4.40004,0.87354
4.46410,0.87402
4.51206,0.87451
4.54802,0.87500
4.58205,0.87549
4.61503,0.87598
4.66202,0.87646
4.70499,0.87695
4.71002,0.87695
4.71802,0.87695
4.76203,0.87744
4.77397,0.87744
4.81802,0.87793
4.89203,0.87842
4.91803,0.87891
4.93200,0.87939
4.95404,0.87988
5.00004,0.88037
5.03806,0.88086
5.06200,0.88135
5.07919,0.88184
5.09404,0.88232
5.11004,0.88281
5.13801,0.88330
5.15804,0.88379
5.18496,0.88428
5.26204,0.88477
5.27806,0.88477
5.30801,0.88525
5.35226,0.88574
5.37997,0.88623
5.40002,0.88672
5.42800,0.88721
5.47502,0.88770
5.51800,0.88818
5.57796,0.88867
5.62304,0.88916
5.67302,0.88965
5.72108,0.89014
5.75100,0.89062
5.78799,0.89111
5.83012,0.89160
5.87298,0.89209
5.90500,0.89258
5.93092,0.89307
5.96795,0.89355
5.99002,0.89355
6.06801,0.89404
6.08497,0.89453
6.11798,0.89502
6.15306,0.89551
6.19104,0.89600
6.24802,0.89648
6.29802,0.89697
6.36295,0.89746
6.39994,0.89795
6.43800,0.89844
6.48003,0.89893
6.50096,0.89941
6.53001,0.89990
6.57301,0.90039
6.60296,0.90088
6.62545,0.90137
6.66806,0.90186
6.70798,0.90234
6.72993,0.90283
6.74808,0.90332
6.76302,0.90381
6.79001,0.90430
6.83800,0.90479
6.88796,0.90527
6.92495,0.90576
6.97796,0.90625
7.00496,0.90674
7.03106,0.90723
7.06495,0.90771
7.10297,0.90820
7.13092,0.90869
7.16800,0.90918
7.21802,0.90967
7.24795,0.91016
7.27001,0.91064
7.30354,0.91113
7.30789,0.91113
7.36795,0.91162
7.39298,0.91211
7.41796,0.91260
7.43504,0.91309
7.46296,0.91357
7.48798,0.91406
7.50895,0.91455
7.53099,0.91504
7.56300,0.91553
7.59824,0.91602
7.61899,0.91650
7.64799,0.91699
7.68497,0.91748
7.71296,0.91797
7.73297,0.91846
7.75491,0.91895
7.77102,0.91943
7.78795,0.91992
7.79901,0.92041
7.81300,0.92090
7.83099,0.92139
7.85792,0.92188
7.87893,0.92236
7.89498,0.92285
7.91499,0.92334
7.92797,0.92383
7.94098,0.92432
7.95299,0.92480
7.96796,0.92529
7.98292,0.92578
8.01103,0.92627
8.03301,0.92676
8.04996,0.92725
8.06801,0.92773
8.09099,0.92822
8.12996,0.92871
8.15307,0.92920
8.17097,0.92969
8.18097,0.93018
8.19293,0.93066
8.20299,0.93115
8.21788,0.93164
8.23790,0.93213
8.24998,0.93262
8.26100,0.93311
8.27298,0.93359
8.28097,0.93408
8.29494,0.93457
8.30794,0.93506
8.32498,0.93555
8.34297,0.93604
8.36093,0.93652
8.38493,0.93701
8.41799,0.93750
8.48094,0.93799
8.50297,0.93799
8.50799,0.93799
8.56492,0.93848
8.65306,0.93896
8.73794,0.93945
8.76794,0.93994
8.79093,0.94043
8.81795,0.94092
8.84295,0.94141
8.86795,0.94189
8.91497,0.94238
8.94298,0.94287
8.96787,0.94336
9.01797,0.94385
9.06293,0.94434
9.09295,0.94482
9.12495,0.94531
9.14292,0.94580
9.17792,0.94629
9.21793,0.94678
9.24798,0.94727
9.26299,0.94775
9.27995,0.94824
9.30796,0.94873
9.34806,0.94922
9.38496,0.94971
9.41793,0.95020
9.43894,0.95068
9.45899,0.95117
9.48093,0.95166
9.49795,0.95215
9.51499,0.95264
9.53297,0.95312
9.55298,0.95361
9.56792,0.95410
9.58798,0.95459
9.61195,0.95508
9.64290,0.95557
9.66896,0.95605
9.68897,0.95654
9.71495,0.95703
9.75293,0.95752
9.77089,0.95801
9.78491,0.95850
9.80916,0.95898
9.85493,0.95947
9.87986,0.95996
9.90491,0.96045
9.92006,0.96094
9.93792,0.96143
9.95894,0.96191
9.97494,0.96240
9.99499,0.96289
10.00905,0.96338
10.02089,0.96387
10.03190,0.96436
10.04493,0.96484
10.05897,0.96533
10.06993,0.96582
10.08797,0.96631
10.10793,0.96680
10.13491,0.96729
10.16087,0.96777
10.18093,0.96826
10.20290,0.96875
10.22490,0.96924
10.23995,0.96973
10.24995,0.97021
10.26290,0.97070
10.27289,0.97119
10.28489,0.97168
10.29891,0.97217
10.31190,0.97266
10.32788,0.97314
10.33885,0.97363
10.34895,0.97412
10.36295,0.97461
10.37311,0.97510
10.38093,0.97559
10.39017,0.97607
10.40094,0.97656
10.41493,0.97705
10.42489,0.97754
10.43491,0.97803
10.44794,0.97852
10.46491,0.97900
10.50329,0.97949
10.52089,0.97998
10.53487,0.98047
10.54392,0.98096
10.55293,0.98145
10.56491,0.98193
10.57309,0.98242
10.58191,0.98291
10.59807,0.98340
10.61094,0.98389
10.61892,0.98438
10.62593,0.98486
10.63290,0.98535
10.64190,0.98584
10.64920,0.98633
10.65791,0.98682
10.66896,0.98730
10.67796,0.98779
10.68595,0.98828
10.69397,0.98877
10.70207,0.98926
10.71290,0.98975
10.71984,0.99023
