# Stick Analyzer Results
# Test Duration: 13.63 seconds
# Raw Data
# Time,Position
0.00025,0.05029
0.00102,0.05081
0.00203,0.05075
0.00302,0.05078
0.00402,0.05127
0.00500,0.05176
0.00604,0.05228
0.00709,0.05222
0.00807,0.05371
0.00916,0.05521
0.01006,0.05515
0.01104,0.05521
0.01203,0.05518
0.01304,0.05615
0.01402,0.05710
0.01502,0.05811
0.01601,0.05862
0.01707,0.05856
0.01802,0.05859
0.01908,0.05908
0.02309,0.05957
0.02408,0.06009
0.02503,0.06055
0.02816,0.06201
0.02903,0.06296
0.03002,0.06396
0.03104,0.06448
0.03206,0.06442
0.03303,0.06543
0.03403,0.06595
0.03506,0.06589
0.03603,0.06595
0.03709,0.06592
0.03801,0.06689
0.03915,0.06735
0.04006,0.06741
0.04117,0.06735
0.04199,0.06738
0.04305,0.06787
0.04408,0.06839
0.04503,0.06934
0.04607,0.06979
0.04704,0.06985
0.04803,0.07080
0.04903,0.07126
0.05004,0.07178
0.05102,0.07230
0.05205,0.07224
0.05304,0.07275
0.05416,0.07376
0.05502,0.07373
0.05604,0.07422
0.05806,0.07520
0.05904,0.07614
0.06001,0.07715
0.06101,0.07816
0.06212,0.07861
0.06302,0.07907
0.06402,0.07913
0.06505,0.07907
0.06603,0.07910
0.06801,0.07959
0.07302,0.08008
0.07410,0.08109
0.07501,0.08154
0.07602,0.08151
0.07702,0.08157
0.07802,0.08252
0.07904,0.08347
0.08005,0.08398
0.08104,0.08499
0.08201,0.08493
0.08305,0.08496
0.08801,0.08594
0.08907,0.08646
0.09001,0.08640
0.09108,0.08646
0.09202,0.08643
0.09302,0.08691
0.09402,0.08737
0.09505,0.08743
0.09603,0.08737
0.09705,0.08740
0.09802,0.08691
0.09911,0.08646
0.10005,0.08640
0.10110,0.08646
0.10207,0.08643
0.10502,0.08740
0.10602,0.08884
0.10704,0.08890
0.10804,0.08887
0.11102,0.08984
0.11203,0.09030
0.11303,0.08984
0.11403,0.08890
0.11505,0.08984
0.11604,0.09030
0.11702,0.09036
0.11802,0.09082
0.11901,0.09128
0.12004,0.09134
0.12105,0.09128
0.12208,0.09131
0.12509,0.09180
0.12612,0.09232
0.12702,0.09225
0.12801,0.09277
0.13309,0.09375
0.13402,0.09427
0.13502,0.09521
0.13601,0.09567
0.13703,0.09573
0.13801,0.09717
0.13902,0.09811
0.13999,0.09818
0.14108,0.09912
0.14203,0.09958
0.14302,0.09964
0.14402,0.09958
0.14509,0.10059
0.14609,0.10159
0.14702,0.10153
0.14805,0.10254
0.14911,0.10355
0.15007,0.10400
0.15302,0.10498
0.15404,0.10544
0.15503,0.10596
0.15603,0.10648
0.15703,0.10641
0.15807,0.10693
0.15903,0.10794
0.16003,0.10788
0.16101,0.10889
0.16205,0.10941
0.16302,0.11035
0.16417,0.11081
0.16503,0.11133
0.16604,0.11185
0.16703,0.11179
0.16807,0.11279
0.16910,0.11380
0.17003,0.11374
0.17104,0.11380
0.17202,0.11426
0.17304,0.11472
0.17402,0.11478
0.17504,0.11523
0.17602,0.11569
0.17702,0.11575
0.17800,0.11719
0.17911,0.11862
0.18003,0.11914
0.18209,0.12012
0.18305,0.12112
0.18401,0.12207
0.18502,0.12302
0.18610,0.12308
0.18708,0.12302
0.18803,0.12402
0.18920,0.12503
0.19012,0.12598
0.19113,0.12643
0.19210,0.12598
0.19313,0.12503
0.19404,0.12497
0.19527,0.12598
0.19609,0.12650
0.19713,0.12643
0.19810,0.12744
0.19915,0.12796
0.20009,0.12842
0.20204,0.12939
0.20317,0.12985
0.20412,0.12991
0.20511,0.12985
0.20612,0.12988
0.20814,0.13086
0.20906,0.13187
0.21019,0.13135
0.21115,0.13083
0.21217,0.13089
0.21312,0.13083
0.21413,0.13086
0.21810,0.13037
0.21918,0.12991
0.22015,0.12939
0.22116,0.12839
0.22213,0.12845
0.22308,0.12839
0.22411,0.12842
0.23013,0.12939
0.23109,0.12991
0.23209,0.13037
0.23311,0.13083
0.23407,0.13037
0.23508,0.12991
0.23608,0.12985
0.23708,0.12991
0.23808,0.13086
0.23906,0.13181
0.24007,0.13232
0.24211,0.13330
0.24311,0.13382
0.24409,0.13376
0.24512,0.13382
0.24614,0.13379
0.24810,0.13428
0.24905,0.13474
0.25010,0.13480
0.25113,0.13474
0.25207,0.13477
0.26012,0.13525
0.26108,0.13528
0.26215,0.13574
0.26310,0.13620
0.26408,0.13626
0.26509,0.13620
0.26620,0.13623
0.27012,0.13721
0.27111,0.13773
0.27219,0.13721
0.27309,0.13620
0.27416,0.13721
0.27513,0.13773
0.27616,0.13766
0.27714,0.13773
0.27809,0.13770
0.28111,0.13818
0.28811,0.13867
0.28907,0.13913
0.29012,0.13919
0.29109,0.13913
0.29209,0.13965
0.29308,0.14017
0.29412,0.14111
0.29507,0.14157
0.29609,0.14163
0.29708,0.14157
0.29807,0.14160
0.30011,0.14111
0.30114,0.14017
0.30208,0.14111
0.30326,0.14157
0.30411,0.14160
0.30509,0.14209
0.30802,0.14258
0.30911,0.14310
0.31006,0.14355
0.31109,0.14401
0.31212,0.14407
0.31317,0.14401
0.31409,0.14404
0.32216,0.14355
0.32314,0.14310
0.32418,0.14355
0.32518,0.14401
0.32617,0.14407
0.32716,0.14401
0.32819,0.14404
0.33008,0.14453
0.33111,0.14505
0.33206,0.14453
0.33320,0.14401
0.33412,0.14407
0.33510,0.14401
0.33609,0.14404
0.34513,0.14453
0.34614,0.14505
0.34708,0.14499
0.34811,0.14505
0.34917,0.14502
0.35808,0.14600
0.35920,0.14694
0.36010,0.14700
0.36111,0.14694
0.36214,0.14697
0.37012,0.14746
0.38201,0.14795
0.38312,0.14896
0.38408,0.14890
0.38511,0.14896
0.38640,0.14893
0.38814,0.14941
0.38915,0.14938
0.39013,0.14941
0.39113,0.14896
0.39216,0.14890
0.39308,0.14896
0.39409,0.14893
0.40011,0.14795
0.40109,0.14743
0.40207,0.14795
0.40325,0.14896
0.40413,0.14890
0.40506,0.14896
0.40608,0.14893
0.40810,0.14941
0.40910,0.14938
0.41014,0.15039
0.41111,0.15091
0.41213,0.15085
0.41313,0.15091
0.41409,0.15088
0.41513,0.15137
0.42509,0.15186
0.42614,0.15280
0.42711,0.15286
0.42814,0.15283
0.42917,0.15332
0.43005,0.15381
0.43109,0.15427
0.43204,0.15479
0.43330,0.15530
0.43412,0.15524
0.43509,0.15530
0.43606,0.15527
0.44007,0.15576
0.44116,0.15671
0.44228,0.15674
0.44406,0.15820
0.44506,0.15921
0.44611,0.15915
0.44711,0.15921
0.44811,0.15967
0.44910,0.16013
0.45008,0.16113
0.45111,0.16214
0.45211,0.16260
0.45815,0.16309
0.45910,0.16403
0.46006,0.16455
0.46113,0.16458
0.46210,0.16452
0.46311,0.16458
0.46410,0.16455
0.46808,0.16553
0.46918,0.16647
0.47018,0.16699
0.47115,0.16751
0.47210,0.16745
0.47325,0.16751
0.47408,0.16748
0.47511,0.16846
0.47610,0.16940
0.47710,0.16946
0.47803,0.16992
0.47908,0.17038
0.48009,0.17090
0.48109,0.17142
0.48212,0.17090
0.48314,0.17038
0.48411,0.17090
0.48509,0.17142
0.48610,0.17136
0.48718,0.17142
0.48814,0.17188
0.49012,0.17285
0.49106,0.17331
0.49207,0.17383
0.49312,0.17435
0.49400,0.17429
0.49507,0.17435
0.49608,0.17432
0.49807,0.17480
0.49911,0.17575
0.50007,0.17581
0.50111,0.17575
0.50207,0.17578
0.50809,0.17676
0.50908,0.17728
0.51010,0.17773
0.51110,0.17819
0.51229,0.17825
0.51310,0.17819
0.51412,0.17822
0.51512,0.17871
0.51608,0.17874
0.51710,0.17868
0.51809,0.17920
0.51905,0.17972
0.52015,0.18018
0.52114,0.18112
0.52208,0.18115
0.52308,0.18164
0.52817,0.18115
0.53007,0.18213
0.53108,0.18265
0.53212,0.18259
0.53310,0.18265
0.53410,0.18311
0.53512,0.18356
0.53607,0.18362
0.53712,0.18356
0.53808,0.18359
0.54006,0.18311
0.54111,0.18265
0.54204,0.18259
0.54312,0.18408
0.54405,0.18509
0.54515,0.18506
0.54612,0.18555
0.54809,0.18604
0.54913,0.18698
0.55017,0.18750
0.55112,0.18851
0.55209,0.18845
0.55307,0.18851
0.55411,0.18848
0.55512,0.18896
0.55610,0.18893
0.55714,0.18900
0.55808,0.19092
0.55909,0.19235
0.56013,0.19241
0.56111,0.19235
0.56212,0.19238
0.57016,0.19336
0.57106,0.19437
0.57209,0.19482
0.57507,0.19531
0.57615,0.19626
0.57711,0.19632
0.57814,0.19678
0.57913,0.19772
0.58010,0.19778
0.58111,0.19772
0.58218,0.19824
0.58315,0.19876
0.58410,0.19922
0.58507,0.19968
0.58608,0.19974
0.58709,0.19968
0.58813,0.20020
0.59007,0.20117
0.59111,0.20169
0.59209,0.20163
0.59314,0.20169
0.59413,0.20166
0.59804,0.20264
0.59908,0.20309
0.60007,0.20316
0.60106,0.20309
0.60213,0.20361
0.60315,0.20413
0.60411,0.20407
0.60510,0.20413
0.60613,0.20410
0.61314,0.20508
0.61408,0.20554
0.61508,0.20557
0.61616,0.20605
0.61827,0.20703
0.61911,0.20804
0.62009,0.20752
0.62105,0.20700
0.62210,0.20706
0.62307,0.20700
0.62414,0.20703
0.63308,0.20752
0.63408,0.20804
0.63509,0.20898
0.63612,0.20944
0.63709,0.20950
0.63813,0.20944
0.63910,0.20947
0.64112,0.20996
0.64511,0.21045
0.64609,0.21097
0.64709,0.21091
0.64807,0.21191
0.64912,0.21292
0.65004,0.21338
0.65107,0.21384
0.65207,0.21390
0.65308,0.21384
0.65411,0.21387
0.65512,0.21436
0.65610,0.21536
0.65713,0.21530
0.65811,0.21631
0.65913,0.21683
0.66009,0.21777
0.66107,0.21872
0.66216,0.21878
0.66308,0.21872
0.66405,0.21875
0.66528,0.21924
0.66812,0.21973
0.66906,0.22073
0.67010,0.21973
0.67105,0.21921
0.67206,0.21927
0.67315,0.21973
0.67418,0.22067
0.67512,0.22070
0.67611,0.22119
0.67804,0.22217
0.67916,0.22318
0.68008,0.22311
0.68107,0.22318
0.68220,0.22314
0.68511,0.22363
0.68613,0.22458
0.68717,0.22464
0.68809,0.22461
0.69006,0.22559
0.69113,0.22604
0.69214,0.22610
0.69310,0.22656
0.69408,0.22702
0.69507,0.22708
0.69609,0.22702
0.69710,0.22705
0.69807,0.22754
0.69909,0.22855
0.70009,0.22852
0.70810,0.22949
0.70913,0.23044
0.71011,0.23096
0.71110,0.23196
0.71210,0.23190
0.71310,0.23196
0.71409,0.23193
0.72014,0.23096
0.72109,0.23044
0.72207,0.23050
0.72311,0.23044
0.72410,0.23047
0.72509,0.23096
0.72607,0.23196
0.72708,0.23190
0.72810,0.23196
0.72910,0.23193
0.73009,0.23242
0.73111,0.23239
0.73209,0.23245
0.73314,0.23340
0.73411,0.23386
0.73504,0.23340
0.73607,0.23245
0.73714,0.23239
0.73806,0.23340
0.73911,0.23441
0.74006,0.23434
0.74099,0.23441
0.74210,0.23438
0.74808,0.23389
0.75914,0.23438
0.76509,0.23486
0.76632,0.23532
0.76709,0.23538
0.76806,0.23532
0.76904,0.23535
0.77106,0.23584
0.77214,0.23636
0.77309,0.23630
0.77406,0.23636
0.77502,0.23633
0.78008,0.23682
0.78116,0.23727
0.78204,0.23734
0.78310,0.23727
0.78417,0.23730
0.78813,0.23779
0.78915,0.23831
0.79008,0.23825
0.79108,0.23831
0.79209,0.23828
0.80015,0.23877
0.80111,0.23923
0.80204,0.23929
0.80324,0.23975
0.80903,0.23926
0.81509,0.23975
0.82018,0.24072
0.82108,0.24118
0.82211,0.24124
0.82311,0.24118
0.82407,0.24170
0.82513,0.24222
0.82608,0.24216
0.82708,0.24222
0.82822,0.24268
0.82909,0.24313
0.83007,0.24365
0.83307,0.24463
0.83409,0.24515
0.83513,0.24463
0.83606,0.24362
0.83709,0.24368
0.83811,0.24463
0.83911,0.24606
0.84017,0.24658
0.84114,0.24661
0.84217,0.24655
0.84313,0.24805
0.84408,0.24905
0.84513,0.24902
0.84612,0.24951
0.84812,0.25000
0.84908,0.25046
0.85008,0.25052
0.85106,0.25098
0.85208,0.25143
0.85311,0.25150
0.85410,0.25143
0.85507,0.25146
0.85812,0.25293
0.85921,0.25443
0.86013,0.25537
0.86105,0.25632
0.86209,0.25638
0.86301,0.25632
0.86409,0.25684
0.86511,0.25687
0.86609,0.25681
0.86705,0.25687
0.86829,0.25684
0.87108,0.25781
0.87247,0.25827
0.87309,0.25879
0.87507,0.25928
0.87611,0.26028
0.87712,0.26022
0.87812,0.26123
0.87911,0.26224
0.88007,0.26270
0.88311,0.26318
0.88401,0.26413
0.88506,0.26416
0.88808,0.26562
0.88907,0.26663
0.89018,0.26709
0.89120,0.26755
0.89209,0.26761
0.89311,0.26755
0.89412,0.26758
0.89804,0.26807
0.90815,0.26904
0.90909,0.26956
0.91009,0.26950
0.91110,0.26956
0.91215,0.26953
0.91512,0.27002
0.91607,0.27048
0.91709,0.27054
0.91807,0.27148
0.91910,0.27194
0.92013,0.27295
0.92109,0.27396
0.92215,0.27390
0.92313,0.27396
0.92408,0.27393
0.92510,0.27344
0.92909,0.27393
0.93206,0.27441
0.93312,0.27487
0.93406,0.27493
0.93506,0.27487
0.93610,0.27490
0.94211,0.27539
0.94311,0.27591
0.94422,0.27585
0.94517,0.27686
0.94615,0.27737
0.94718,0.27731
0.94815,0.27734
0.94915,0.27783
0.95516,0.27832
0.95616,0.27884
0.95720,0.27878
0.95817,0.27979
0.95917,0.28079
0.96017,0.28073
0.96123,0.28079
0.96215,0.28125
0.96311,0.28171
0.96415,0.28177
0.96512,0.28171
0.96614,0.28174
0.96824,0.28223
0.97388,0.28323
0.97452,0.28418
0.97509,0.28464
0.97611,0.28564
0.97704,0.28665
0.97853,0.28760
0.97915,0.28903
0.98007,0.28955
0.98106,0.29007
0.98202,0.29001
0.98313,0.29053
0.98430,0.29105
0.98510,0.29099
0.98607,0.29105
0.98708,0.29102
0.98809,0.29199
0.98930,0.29294
0.99010,0.29300
0.99120,0.29294
0.99212,0.29297
0.99510,0.29346
0.99610,0.29398
0.99710,0.29391
0.99805,0.29398
0.99900,0.29395
1.00007,0.29443
1.00110,0.29489
1.00208,0.29495
1.00320,0.29541
1.00416,0.29636
1.00505,0.29639
1.00814,0.29736
1.00909,0.29837
1.01008,0.29883
1.01106,0.29977
1.01217,0.29984
1.01307,0.30029
1.01408,0.30026
1.01505,0.30032
1.01630,0.30026
1.01707,0.30029
1.01810,0.30127
1.01915,0.30179
1.02010,0.30225
1.02515,0.30273
1.02610,0.30368
1.02707,0.30374
1.02809,0.30273
1.02906,0.30222
1.03009,0.30228
1.03108,0.30222
1.03214,0.30225
1.04009,0.30273
1.04108,0.30374
1.04210,0.30368
1.04302,0.30420
1.04409,0.30423
1.04514,0.30469
1.04608,0.30515
1.04705,0.30521
1.04805,0.30566
1.04911,0.30612
1.05018,0.30664
1.05107,0.30716
1.05211,0.30762
1.05808,0.30859
1.05912,0.30905
1.06009,0.30957
1.06119,0.31009
1.06209,0.31003
1.06314,0.31009
1.06409,0.31006
1.06511,0.31104
1.06610,0.31149
1.06707,0.31155
1.06810,0.31299
1.06909,0.31393
1.07010,0.31400
1.07113,0.31393
1.07207,0.31396
1.08309,0.31445
1.08410,0.31448
1.08506,0.31442
1.08603,0.31448
1.08714,0.31445
1.09412,0.31393
1.09508,0.31445
1.09609,0.31448
1.09710,0.31442
1.09811,0.31494
1.09930,0.31546
1.10008,0.31641
1.10106,0.31686
1.10206,0.31693
1.10328,0.31686
1.10413,0.31689
1.11512,0.31641
1.11615,0.31546
1.11713,0.31540
1.11807,0.31494
1.11906,0.31448
1.12009,0.31442
1.12108,0.31448
1.12212,0.31445
1.12510,0.31494
1.12613,0.31540
1.12710,0.31546
1.12808,0.31540
1.12909,0.31543
1.13006,0.31641
1.13106,0.31693
1.13201,0.31686
1.13317,0.31641
1.13406,0.31546
1.13509,0.31540
1.13608,0.31546
1.13712,0.31543
1.13809,0.31641
1.13912,0.31686
1.14016,0.31641
1.14111,0.31546
1.14216,0.31540
1.14311,0.31641
1.14404,0.31741
1.14506,0.31735
1.14609,0.31741
1.14708,0.31738
1.15011,0.31787
1.15108,0.31833
1.15209,0.31839
1.15313,0.31833
1.15409,0.31836
1.15809,0.31885
1.15907,0.31937
1.16007,0.31885
1.16106,0.31833
1.16218,0.31885
1.16306,0.31937
1.16408,0.31931
1.16513,0.31982
1.16611,0.32083
1.16709,0.32077
1.16811,0.32083
1.16908,0.32080
1.17514,0.31982
1.17611,0.31931
1.17728,0.31937
1.17811,0.31982
1.17905,0.32077
1.18012,0.32080
1.18107,0.32129
1.19810,0.32178
1.19909,0.32278
1.20008,0.32272
1.20111,0.32278
1.20211,0.32275
1.20813,0.32373
1.20903,0.32419
1.21014,0.32425
1.21109,0.32419
1.21207,0.32422
1.21308,0.32471
1.21403,0.32523
1.21508,0.32471
1.21607,0.32419
1.21707,0.32425
1.21808,0.32419
1.21908,0.32422
1.22302,0.32471
1.22414,0.32523
1.22514,0.32516
1.22608,0.32523
1.22707,0.32520
1.22821,0.32471
1.22911,0.32419
1.23009,0.32425
1.23109,0.32419
1.23201,0.32422
1.23806,0.32471
1.23909,0.32523
1.24009,0.32516
1.24112,0.32523
1.24202,0.32520
1.24811,0.32373
1.24915,0.32272
1.25011,0.32278
1.25106,0.32373
1.25206,0.32419
1.25312,0.32425
1.25408,0.32419
1.25512,0.32373
1.25609,0.32278
1.25705,0.32272
1.25808,0.32373
1.25908,0.32425
1.26006,0.32471
1.26110,0.32516
1.26209,0.32523
1.26313,0.32516
1.26405,0.32520
1.26508,0.32568
1.26618,0.32620
1.26710,0.32614
1.26805,0.32666
1.27611,0.32617
1.27808,0.32666
1.28412,0.32715
1.28509,0.32816
1.28607,0.32809
1.28707,0.32816
1.28810,0.32715
1.28899,0.32614
1.29011,0.32620
1.29112,0.32614
1.29209,0.32617
1.29811,0.32715
1.29908,0.32816
1.30008,0.32861
1.30109,0.32858
1.30206,0.32864
1.30310,0.32858
1.30412,0.32861
1.30807,0.32959
1.30910,0.33011
1.31010,0.33005
1.31104,0.33011
1.31210,0.33057
1.32607,0.33008
1.33314,0.33105
1.33409,0.33200
1.33510,0.33252
1.33606,0.33353
1.33703,0.33347
1.33804,0.33398
1.33910,0.33450
1.34009,0.33496
1.34113,0.33591
1.34210,0.33597
1.34311,0.33594
1.34508,0.33691
1.34609,0.33737
1.34705,0.33743
1.34806,0.33789
1.34911,0.33835
1.35008,0.33841
1.35109,0.33835
1.35208,0.33838
1.35306,0.33789
1.35409,0.33743
1.35512,0.33838
1.35609,0.33932
1.35708,0.33939
1.35814,0.34033
1.35911,0.34177
1.36010,0.34229
1.36113,0.34280
1.36219,0.34274
1.36313,0.34326
1.36415,0.34378
1.36513,0.34372
1.36616,0.34378
1.36712,0.34375
1.36809,0.34473
1.36911,0.34567
1.37011,0.34573
1.37111,0.34567
1.37206,0.34570
1.37307,0.34619
1.37417,0.34671
1.37512,0.34717
1.37617,0.34763
1.37712,0.34769
1.37805,0.34814
1.37912,0.34860
1.38009,0.34866
1.38114,0.34912
1.38218,0.34958
1.38314,0.34964
1.38408,0.34958
1.38507,0.35010
1.38604,0.35110
1.38715,0.35104
1.38807,0.35205
1.38905,0.35257
1.39011,0.35303
1.39107,0.35349
1.39207,0.35355
1.39305,0.35349
1.39416,0.35352
1.39519,0.35400
1.39609,0.35452
1.39706,0.35446
1.39806,0.35547
1.39909,0.35648
1.40010,0.35645
1.40102,0.35693
1.40318,0.35742
1.40413,0.35788
1.40520,0.35794
1.40608,0.35788
1.40704,0.35791
1.40812,0.35840
1.40909,0.35892
1.41005,0.35886
1.41110,0.35892
1.41213,0.35889
1.41514,0.35840
1.41616,0.35788
1.41708,0.35794
1.41810,0.35840
1.41904,0.35886
1.42012,0.35892
1.42115,0.35886
1.42203,0.35889
1.42310,0.35938
1.42404,0.36038
1.42510,0.36035
1.42609,0.36084
1.42818,0.36182
1.42915,0.36276
1.43006,0.36282
1.43106,0.36276
1.43218,0.36279
1.43827,0.36377
1.43905,0.36429
1.44012,0.36523
1.44108,0.36569
1.44207,0.36575
1.44304,0.36670
1.44404,0.36765
1.44512,0.36771
1.44610,0.36765
1.44707,0.36768
1.44804,0.36865
1.44906,0.36966
1.45009,0.36960
1.45107,0.36914
1.45209,0.36819
1.45310,0.36914
1.45414,0.36960
1.45511,0.37012
1.46002,0.37061
1.46107,0.37161
1.46216,0.37155
1.46304,0.37207
1.46410,0.37210
1.46506,0.37207
1.46610,0.37155
1.46710,0.37161
1.46805,0.37155
1.46909,0.37158
1.47312,0.37207
1.47410,0.37210
1.47508,0.37256
1.47608,0.37302
1.47712,0.37308
1.47809,0.37402
1.47907,0.37497
1.48006,0.37503
1.48107,0.37497
1.48205,0.37500
1.48313,0.37549
1.48804,0.37646
1.48912,0.37698
1.49009,0.37646
1.49110,0.37546
1.49212,0.37646
1.49301,0.37698
1.49410,0.37692
1.49520,0.37744
1.49609,0.37796
1.49705,0.37790
1.49803,0.37891
1.49909,0.37943
1.50008,0.38086
1.50113,0.38181
1.50209,0.38232
1.50309,0.38235
1.50405,0.38229
1.50501,0.38235
1.50608,0.38232
1.50803,0.38281
1.50909,0.38327
1.51006,0.38333
1.51107,0.38327
1.51226,0.38428
1.51302,0.38480
1.51409,0.38474
1.51509,0.38477
1.51611,0.38525
1.51811,0.38672
1.51905,0.38870
1.52009,0.38864
1.52110,0.38870
1.52204,0.38867
1.52953,0.38916
1.53023,0.38965
1.53117,0.39011
1.53207,0.39017
1.53306,0.39011
1.53407,0.39014
1.53806,0.38965
1.53908,0.38919
1.54005,0.38913
1.54108,0.38919
1.54206,0.38916
1.54308,0.38965
1.54408,0.39011
1.54508,0.39017
1.54614,0.39011
1.54705,0.39014
1.54809,0.39111
1.54915,0.39212
1.55009,0.39206
1.55106,0.39160
1.55209,0.39066
1.55314,0.39059
1.55411,0.39066
1.55507,0.39160
1.55605,0.39206
1.55708,0.39212
1.55815,0.39258
1.55911,0.39304
1.56012,0.39310
1.56109,0.39304
1.56213,0.39307
1.56506,0.39258
1.56614,0.39212
1.56707,0.39206
1.56806,0.39258
1.56904,0.39310
1.57008,0.39304
1.57107,0.39310
1.57201,0.39307
1.57504,0.39355
1.57608,0.39401
1.57713,0.39407
1.57809,0.39502
1.57908,0.39597
1.58007,0.39603
1.58105,0.39597
1.58199,0.39600
1.58316,0.39648
1.58407,0.39651
1.58508,0.39645
1.58609,0.39651
1.58714,0.39648
1.58910,0.39597
1.59007,0.39603
1.59107,0.39648
1.59206,0.39645
1.59310,0.39651
1.59408,0.39645
1.59511,0.39746
1.59609,0.39798
1.59709,0.39792
1.59807,0.39844
1.60008,0.39893
1.60111,0.39993
1.60210,0.39987
1.60313,0.39993
1.60405,0.39990
1.60608,0.40039
1.61015,0.39990
1.61611,0.40039
1.61812,0.40137
1.61907,0.40231
1.62008,0.40237
1.62110,0.40231
1.62201,0.40234
1.62311,0.40283
1.62407,0.40384
1.62519,0.40381
1.63005,0.40430
1.63112,0.40524
1.63208,0.40530
1.63315,0.40524
1.63412,0.40527
1.64017,0.40576
1.64116,0.40628
1.64209,0.40622
1.64308,0.40628
1.64403,0.40625
1.64507,0.40674
1.64609,0.40720
1.64710,0.40726
1.64806,0.40720
1.64905,0.40723
1.65012,0.40674
1.65109,0.40628
1.65207,0.40622
1.65303,0.40628
1.65403,0.40625
1.65505,0.40674
1.65614,0.40720
1.65720,0.40726
1.65811,0.40820
1.65903,0.40915
1.66009,0.40921
1.66109,0.40915
1.66214,0.40918
1.66306,0.40967
1.67009,0.40918
1.67312,0.40869
1.67408,0.40775
1.67507,0.40869
1.67613,0.40915
1.67711,0.40921
1.67803,0.40915
1.67909,0.40918
1.68104,0.40967
1.68808,0.41016
1.68902,0.41116
1.69003,0.41110
1.69097,0.41116
1.69208,0.41113
1.69311,0.41016
1.69406,0.40964
1.69513,0.40970
1.69610,0.40964
1.69706,0.40967
1.69908,0.40918
1.70311,0.40967
1.70813,0.41016
1.70912,0.41116
1.71004,0.41162
1.71101,0.41159
1.71215,0.41165
1.71306,0.41159
1.71405,0.41162
1.72105,0.41116
1.72203,0.41110
1.72308,0.41116
1.72410,0.41016
1.72507,0.40964
1.72601,0.40970
1.72707,0.40964
1.72801,0.41016
1.72909,0.41116
1.73005,0.41110
1.73101,0.41116
1.73217,0.41162
1.73305,0.41159
1.73414,0.41165
1.73508,0.41159
1.73603,0.41162
1.73813,0.41260
1.73908,0.41312
1.74007,0.41306
1.74113,0.41312
1.74206,0.41309
1.74310,0.41357
1.74825,0.41406
1.74905,0.41452
1.75008,0.41504
1.75111,0.41556
1.75199,0.41602
1.75309,0.41647
1.75404,0.41653
1.75506,0.41647
1.75608,0.41650
1.76508,0.41699
1.76612,0.41751
1.76706,0.41745
1.76804,0.41797
1.76904,0.41849
1.77013,0.41843
1.77106,0.41849
1.77206,0.41846
1.77811,0.41895
1.78006,0.41992
1.78111,0.42038
1.78216,0.42044
1.78312,0.42038
1.78406,0.42041
1.78508,0.41992
1.78606,0.41898
1.78708,0.41891
1.78812,0.41895
1.78909,0.41846
1.79513,0.41895
1.80326,0.41992
1.80416,0.42044
1.80509,0.42038
1.80610,0.42044
1.80700,0.42041
1.80811,0.42090
1.80904,0.42136
1.81010,0.42142
1.81115,0.42136
1.81208,0.42139
1.81804,0.42188
1.81910,0.42239
1.82000,0.42285
1.82207,0.42383
1.82305,0.42429
1.82413,0.42435
1.82516,0.42429
1.82608,0.42432
1.84607,0.42480
1.84809,0.42578
1.84903,0.42679
1.85005,0.42725
1.85103,0.42819
1.85205,0.42825
1.85311,0.42822
1.85408,0.42871
1.86304,0.42920
1.86410,0.42966
1.86507,0.42972
1.86608,0.42966
1.86708,0.42969
1.86806,0.43115
1.86909,0.43265
1.87003,0.43311
1.87108,0.43405
1.87203,0.43411
1.87310,0.43405
1.87406,0.43408
1.87807,0.43457
1.87909,0.43558
1.88004,0.43552
1.88109,0.43558
1.88209,0.43555
1.88309,0.43457
1.88407,0.43405
1.88504,0.43457
1.88605,0.43558
1.88712,0.43552
1.88805,0.43604
1.88906,0.43607
1.89006,0.43600
1.89114,0.43607
1.89210,0.43604
1.89308,0.43701
1.89404,0.43747
1.89514,0.43753
1.89619,0.43747
1.89709,0.43750
1.89810,0.43701
1.89907,0.43607
1.90005,0.43600
1.90100,0.43607
1.90205,0.43604
1.90310,0.43701
1.90410,0.43796
1.90507,0.43802
1.90606,0.43796
1.90740,0.43799
1.90807,0.43896
1.90909,0.43948
1.91006,0.43994
1.91105,0.44040
1.91214,0.44046
1.91309,0.44040
1.91405,0.44043
1.91508,0.44092
1.91607,0.44144
1.91706,0.44138
1.91808,0.44144
1.91906,0.44141
1.92310,0.44189
1.92407,0.44284
1.92512,0.44287
1.92811,0.44434
1.92911,0.44534
1.93005,0.44482
1.93104,0.44431
1.93212,0.44437
1.93312,0.44482
1.93403,0.44528
1.93506,0.44534
1.93605,0.44528
1.93710,0.44531
1.94008,0.44580
1.94110,0.44632
1.94209,0.44626
1.94313,0.44678
1.94507,0.44727
1.94609,0.44827
1.94707,0.44821
1.94805,0.44873
1.94906,0.44876
1.95012,0.44870
1.95107,0.44876
1.95209,0.44873
1.95321,0.44922
1.95409,0.44968
1.95509,0.45020
1.95607,0.45071
1.95743,0.45065
1.95809,0.45071
1.95906,0.45068
1.96308,0.45117
1.96405,0.45163
1.96506,0.45169
1.96606,0.45163
1.96713,0.45166
1.96807,0.45215
1.97008,0.45312
1.97106,0.45364
1.97207,0.45358
1.97305,0.45364
1.97406,0.45361
1.97512,0.45410
1.97608,0.45456
1.97707,0.45462
1.97803,0.45508
1.97913,0.45554
1.98007,0.45605
1.98508,0.45654
1.98607,0.45755
1.98710,0.45749
1.98808,0.45850
1.98905,0.45999
1.99007,0.45993
1.99110,0.45999
1.99210,0.45996
1.99310,0.46045
1.99407,0.46091
1.99509,0.46143
2.00011,0.46240
2.00107,0.46292
2.00207,0.46286
2.00308,0.46338
2.00410,0.46390
2.00508,0.46384
2.00604,0.46390
2.00699,0.46387
2.00805,0.46436
2.00911,0.46481
2.01008,0.46487
2.01131,0.46481
2.01213,0.46484
2.01306,0.46533
2.01805,0.46631
2.01907,0.46683
2.02007,0.46826
2.02111,0.46921
2.02205,0.46927
2.02311,0.46973
2.02411,0.47018
2.02510,0.47025
2.02605,0.47018
2.02718,0.47021
2.02805,0.47119
2.02909,0.47220
2.03005,0.47266
2.03105,0.47263
2.03213,0.47269
2.03311,0.47314
2.03411,0.47360
2.03508,0.47366
2.03605,0.47360
2.03701,0.47363
2.03806,0.47412
2.03908,0.47464
2.04003,0.47458
2.04108,0.47464
2.04212,0.47461
2.05209,0.47559
2.05311,0.47604
2.05406,0.47610
2.05503,0.47705
2.05605,0.47751
2.05711,0.47757
2.05815,0.47803
2.05906,0.47849
2.06006,0.47855
2.06106,0.47849
2.06209,0.47900
2.06307,0.47952
2.06410,0.47946
2.06512,0.47952
2.06612,0.47949
2.06809,0.47998
2.07007,0.48047
2.07111,0.48141
2.07207,0.48047
2.07300,0.48001
2.07420,0.47995
2.07513,0.48047
2.07607,0.48148
2.07711,0.48141
2.07806,0.48193
2.07910,0.48196
2.08007,0.48242
2.08102,0.48288
2.08235,0.48340
2.08319,0.48392
2.08409,0.48386
2.08506,0.48392
2.08602,0.48389
2.08805,0.48486
2.08913,0.48532
2.09011,0.48633
2.09106,0.48685
2.09200,0.48679
2.09311,0.48685
2.09419,0.48682
2.09515,0.48730
2.09609,0.48776
2.09706,0.48782
2.09810,0.48926
2.09908,0.49069
2.10011,0.49075
2.10105,0.49072
2.10317,0.49219
2.10411,0.49313
2.10514,0.49365
2.10608,0.49417
2.10706,0.49411
2.10810,0.49463
2.11112,0.49512
2.11211,0.49612
2.11311,0.49606
2.11404,0.49612
2.11505,0.49658
2.11617,0.49655
2.11711,0.49661
2.11810,0.49756
2.11911,0.49850
2.12014,0.49857
2.12110,0.49902
2.12215,0.49948
2.12311,0.50000
2.12509,0.50098
2.12608,0.50150
2.12704,0.50143
2.12809,0.50195
2.12912,0.50247
2.13009,0.50293
2.13107,0.50339
2.13215,0.50293
2.13310,0.50247
2.13408,0.50241
2.13506,0.50293
2.13605,0.50345
2.13712,0.50339
2.13831,0.50293
2.13929,0.50247
2.14023,0.50241
2.14136,0.50247
2.14216,0.50244
2.14818,0.50195
2.14915,0.50143
2.15015,0.50150
2.15110,0.50195
2.15223,0.50241
2.15314,0.50247
2.15417,0.50241
2.15517,0.50293
2.15612,0.50345
2.15717,0.50339
2.15811,0.50345
2.15914,0.50439
2.16014,0.50534
2.16111,0.50540
2.16222,0.50534
2.16326,0.50537
2.16525,0.50439
2.16616,0.50394
2.16711,0.50388
2.16809,0.50439
2.16906,0.50540
2.17007,0.50534
2.17113,0.50540
2.17212,0.50537
2.17507,0.50586
2.17609,0.50583
2.17707,0.50589
2.17808,0.50583
2.17906,0.50586
2.18006,0.50635
2.18106,0.50687
2.18240,0.50681
2.18313,0.50687
2.18408,0.50684
2.18510,0.50732
2.18611,0.50778
2.18707,0.50784
2.18813,0.50830
2.18907,0.50876
2.19008,0.50882
2.19101,0.50876
2.19205,0.50879
2.19805,0.50928
2.20509,0.51025
2.20614,0.51077
2.20712,0.51071
2.20807,0.51077
2.20903,0.51074
2.21508,0.51025
2.21609,0.50925
2.21704,0.50931
2.21807,0.50925
2.21918,0.50928
2.22805,0.51025
2.22904,0.51077
2.23007,0.51071
2.23115,0.51123
2.23216,0.51175
2.23315,0.51221
2.23407,0.51266
2.23511,0.51221
2.23605,0.51175
2.23713,0.51169
2.23812,0.51175
2.23903,0.51172
2.25206,0.51221
2.25306,0.51266
2.25408,0.51273
2.25506,0.51266
2.25602,0.51270
2.26311,0.51318
2.26810,0.51416
2.26908,0.51468
2.27008,0.51462
2.27107,0.51468
2.27209,0.51562
2.27308,0.51608
2.27400,0.51614
2.27512,0.51562
2.27606,0.51462
2.27703,0.51468
2.27831,0.51462
2.27912,0.51465
2.28235,0.51562
2.28308,0.51614
2.28404,0.51608
2.28505,0.51709
2.28606,0.51810
2.28706,0.51804
2.28808,0.51904
2.28910,0.52005
2.29006,0.51999
2.29105,0.52005
2.29206,0.52051
2.29303,0.52048
2.29407,0.52054
2.29504,0.52148
2.29605,0.52194
2.29709,0.52200
2.29805,0.52194
2.29910,0.52197
2.30810,0.52295
2.30907,0.52396
2.31004,0.52390
2.31106,0.52396
2.31205,0.52393
2.31310,0.52490
2.31405,0.52536
2.31511,0.52542
2.31613,0.52536
2.31710,0.52539
2.32106,0.52637
2.32210,0.52737
2.32303,0.52783
2.32506,0.52832
2.32607,0.52927
2.32704,0.52933
2.32805,0.52979
2.32910,0.52975
2.33010,0.52982
2.33104,0.52975
2.33205,0.52979
2.34807,0.53076
2.34909,0.53128
2.35008,0.53122
2.35108,0.53125
2.35205,0.53174
2.35306,0.53223
2.35409,0.53275
2.35509,0.53268
2.35609,0.53275
2.35709,0.53271
2.35807,0.53320
2.36508,0.53418
2.36613,0.53464
2.36709,0.53470
2.36804,0.53464
2.36904,0.53467
2.37508,0.53516
2.37615,0.53568
2.37707,0.53561
2.37810,0.53613
2.37905,0.53665
2.38007,0.53659
2.38103,0.53665
2.38207,0.53662
2.38507,0.53613
2.38605,0.53561
2.38710,0.53568
2.38816,0.53613
2.38908,0.53659
2.39007,0.53711
2.39217,0.53760
2.39306,0.53860
2.39404,0.53854
2.39513,0.53906
2.39609,0.53909
2.39709,0.53903
2.39807,0.53909
2.39928,0.53906
2.40112,0.53854
2.40209,0.53860
2.40331,0.53854
2.40411,0.53857
2.40813,0.53760
2.40907,0.53714
2.41008,0.53708
2.41104,0.53714
2.41214,0.53711
2.41306,0.53809
2.41409,0.53903
2.41505,0.53909
2.41607,0.53903
2.41707,0.53906
2.41809,0.54004
2.41911,0.54105
2.42033,0.54099
2.42110,0.54053
2.42209,0.54007
2.42305,0.54001
2.42408,0.54007
2.42511,0.54004
2.42807,0.54102
2.42906,0.54196
2.43011,0.54202
2.43102,0.54196
2.43217,0.54199
2.43807,0.54297
2.43909,0.54398
2.44007,0.54391
2.44098,0.54443
2.44207,0.54446
2.44307,0.54541
2.44409,0.54636
2.44507,0.54736
2.44607,0.54788
2.44706,0.54782
2.44810,0.54788
2.44936,0.54785
2.45805,0.54932
2.45910,0.55026
2.46005,0.55078
2.46160,0.55130
2.46212,0.55124
2.46307,0.55176
2.46512,0.55225
2.46609,0.55325
2.46712,0.55319
2.46811,0.55371
2.46902,0.55374
2.47005,0.55368
2.47106,0.55374
2.47205,0.55371
2.47806,0.55469
2.47908,0.55563
2.48004,0.55569
2.48109,0.55563
2.48205,0.55566
2.48318,0.55615
2.48410,0.55667
2.48510,0.55615
2.48611,0.55563
2.48700,0.55569
2.48806,0.55615
2.48906,0.55661
2.49005,0.55667
2.49099,0.55661
2.49208,0.55713
2.50018,0.55811
2.50109,0.55862
2.50204,0.55856
2.50325,0.55862
2.50406,0.55859
2.50821,0.55908
2.50907,0.55954
2.51007,0.55960
2.51130,0.55954
2.51213,0.56006
2.51309,0.56058
2.51404,0.56052
2.51506,0.56006
2.51611,0.55960
2.51706,0.55954
2.51804,0.55960
2.51904,0.55957
2.52009,0.56006
2.52108,0.56100
2.52204,0.56107
2.52302,0.56100
2.52409,0.56104
2.52808,0.56201
2.52910,0.56302
2.53006,0.56299
2.53105,0.56247
2.53212,0.56253
2.53313,0.56247
2.53404,0.56250
2.53808,0.56299
2.53906,0.56302
2.54005,0.56396
2.54121,0.56442
2.54202,0.56448
2.54304,0.56442
2.54405,0.56445
2.54607,0.56494
2.54811,0.56445
2.55307,0.56494
2.55509,0.56543
2.55608,0.56595
2.55740,0.56589
2.55805,0.56641
2.56809,0.56738
2.56904,0.56790
2.57004,0.56784
2.57105,0.56790
2.57210,0.56787
2.57510,0.56836
2.57605,0.56882
2.57709,0.56888
2.57807,0.56882
2.57911,0.56885
2.58805,0.56934
2.58922,0.56985
2.59008,0.56979
2.59112,0.56985
2.59204,0.57031
2.59611,0.56982
2.60204,0.57031
2.60815,0.57080
2.60908,0.57175
2.61009,0.57181
2.61108,0.57175
2.61211,0.57178
2.61505,0.57227
2.61617,0.57230
2.61705,0.57224
2.61811,0.57324
2.61900,0.57425
2.62003,0.57471
2.62107,0.57565
2.62210,0.57571
2.62304,0.57568
2.62406,0.57520
2.63105,0.57568
2.63807,0.57471
2.63901,0.57419
2.64005,0.57471
2.64110,0.57523
2.64216,0.57568
2.64508,0.57617
2.64613,0.57712
2.64704,0.57718
2.64806,0.57812
2.64904,0.57907
2.65011,0.57861
2.65107,0.57767
2.65205,0.57761
2.65310,0.57767
2.65408,0.57764
2.65813,0.57861
2.65904,0.57907
2.66005,0.58008
2.66104,0.58060
2.66210,0.58054
2.66309,0.58060
2.66402,0.58057
2.66503,0.58105
2.66805,0.58203
2.66902,0.58249
2.67006,0.58255
2.67110,0.58301
2.67207,0.58347
2.67304,0.58398
2.67411,0.58450
2.67512,0.58496
2.68001,0.58545
2.68109,0.58640
2.68232,0.58646
2.68309,0.58640
2.68411,0.58643
2.68803,0.58740
2.68910,0.58841
2.69006,0.58835
2.69102,0.58838
2.69208,0.58887
2.69511,0.58984
2.69607,0.59036
2.69706,0.59030
2.69808,0.59036
2.69909,0.59033
2.70100,0.59131
2.70207,0.59177
2.70315,0.59229
2.70411,0.59280
2.70508,0.59326
2.70608,0.59421
2.70737,0.59427
2.70808,0.59473
2.70902,0.59567
2.71005,0.59573
2.71114,0.59567
2.71210,0.59570
2.71806,0.59619
2.71919,0.59622
2.72002,0.59616
2.72106,0.59622
2.72204,0.59717
2.72306,0.59811
2.72406,0.59818
2.72506,0.59766
2.72907,0.59814
2.73214,0.59863
2.73305,0.59909
2.73402,0.59915
2.73511,0.59961
2.73804,0.60059
2.73903,0.60153
2.74013,0.60254
2.74099,0.60306
2.74205,0.60254
2.74305,0.60153
2.74403,0.60159
2.74510,0.60254
2.74605,0.60300
2.74709,0.60306
2.74804,0.60400
2.74912,0.60446
2.75015,0.60452
2.75104,0.60446
2.75204,0.60449
2.75499,0.60498
2.75606,0.60550
2.75709,0.60544
2.75808,0.60550
2.75907,0.60547
2.76005,0.60596
2.76099,0.60641
2.76215,0.60648
2.76305,0.60641
2.76405,0.60645
2.76504,0.60693
2.76607,0.60745
2.76705,0.60739
2.76804,0.60745
2.76904,0.60742
2.77008,0.60693
2.77104,0.60641
2.77205,0.60693
2.77306,0.60745
2.77407,0.60739
2.77510,0.60745
2.77603,0.60742
2.80008,0.60791
2.80105,0.60837
2.80202,0.60843
2.80305,0.60837
2.80407,0.60840
2.80515,0.60889
2.80807,0.61084
2.80913,0.61234
2.81004,0.61227
2.81104,0.61234
2.81204,0.61230
2.81405,0.61279
2.81511,0.61230
2.82011,0.61182
2.82114,0.61081
2.82205,0.61182
2.82306,0.61234
2.82408,0.61227
2.82511,0.61230
2.82606,0.61279
2.82810,0.61377
2.82904,0.61429
2.83006,0.61423
2.83105,0.61429
2.83212,0.61523
2.83315,0.61569
2.83406,0.61575
2.83504,0.61523
2.83601,0.61423
2.83712,0.61429
2.83808,0.61423
2.83905,0.61426
2.84805,0.61523
2.84898,0.61575
2.85005,0.61569
2.85106,0.61621
2.85204,0.61673
2.85305,0.61667
2.85408,0.61673
2.85502,0.61670
2.86208,0.61719
2.86304,0.61765
2.86406,0.61771
2.86496,0.61765
2.86606,0.61768
2.86907,0.61816
2.87113,0.61865
2.87210,0.61966
2.87308,0.61865
2.87408,0.61813
2.87500,0.61819
2.87613,0.61813
2.87704,0.61816
2.88210,0.61865
2.88308,0.61966
2.88410,0.61960
2.88506,0.62012
2.88603,0.62015
2.88705,0.62009
2.88810,0.62109
2.88908,0.62161
2.89011,0.62155
2.89111,0.62161
2.89216,0.62158
2.89306,0.62109
2.89400,0.62009
2.89501,0.62012
2.89610,0.61966
2.89706,0.61960
2.89806,0.62012
2.89915,0.62015
2.90007,0.62009
2.90100,0.62015
2.90205,0.62012
2.90303,0.62109
2.90406,0.62155
2.90506,0.62161
2.90606,0.62155
2.90707,0.62158
2.91406,0.62207
2.91506,0.62256
2.91635,0.62308
2.91703,0.62302
2.91808,0.62354
2.92107,0.62451
2.92227,0.62503
2.92310,0.62497
2.92410,0.62503
2.92507,0.62500
2.93003,0.62598
2.93097,0.62692
2.93201,0.62698
2.93312,0.62692
2.93407,0.62695
2.93504,0.62744
2.93810,0.62842
2.93904,0.62943
2.94005,0.62936
2.94105,0.62943
2.94211,0.62939
2.94807,0.63037
2.94906,0.63083
2.95008,0.63089
2.95104,0.63086
2.95204,0.63135
2.95313,0.63086
2.95608,0.63135
2.95806,0.63184
2.95906,0.63229
2.96007,0.63235
2.96106,0.63281
2.96306,0.63330
2.96407,0.63425
2.96504,0.63431
2.96606,0.63425
2.96708,0.63428
2.97503,0.63525
2.97608,0.63626
2.98135,0.63620
2.98149,0.63626
2.98309,0.63623
2.98511,0.63672
2.98813,0.63770
2.98916,0.63864
2.99006,0.63870
2.99105,0.63864
2.99209,0.63867
2.99409,0.63916
2.99511,0.63968
2.99603,0.63962
2.99702,0.63968
2.99809,0.64014
2.99909,0.64059
3.00015,0.64014
3.00111,0.63968
3.00203,0.63962
3.00321,0.63968
3.00410,0.63965
3.00805,0.64014
3.00910,0.64059
3.01006,0.64066
3.01129,0.64059
3.01216,0.64062
3.01312,0.64111
3.01408,0.64163
3.01502,0.64157
3.01614,0.64163
3.01705,0.64160
3.01998,0.64209
3.02410,0.64160
3.02516,0.64209
3.02912,0.64160
3.03011,0.64209
3.03309,0.64258
3.03408,0.64352
3.03507,0.64404
3.03612,0.64407
3.03749,0.64401
3.03807,0.64502
3.03906,0.64554
3.04007,0.64548
3.04106,0.64554
3.04210,0.64551
3.05300,0.64600
3.05812,0.64648
3.05904,0.64694
3.06002,0.64700
3.06109,0.64746
3.06803,0.64844
3.06915,0.64890
3.07009,0.64896
3.07105,0.64990
3.07208,0.65085
3.07312,0.65091
3.07404,0.65085
3.07504,0.65088
3.08001,0.65137
3.08512,0.65186
3.08603,0.65286
3.08705,0.65280
3.08810,0.65286
3.08902,0.65283
3.09305,0.65329
3.09400,0.65335
3.09506,0.65329
3.09605,0.65332
3.09801,0.65430
3.09904,0.65482
3.10004,0.65475
3.10107,0.65482
3.10206,0.65479
3.10607,0.65527
3.10911,0.65576
3.11012,0.65622
3.11106,0.65628
3.11204,0.65622
3.11307,0.65625
3.11505,0.65576
3.11625,0.65530
3.11708,0.65524
3.11807,0.65576
3.11906,0.65677
3.12005,0.65671
3.12100,0.65677
3.12203,0.65674
3.12323,0.65723
3.12405,0.65817
3.12512,0.65823
3.12608,0.65817
3.12706,0.65820
3.12803,0.65918
3.12904,0.66019
3.13004,0.66013
3.13117,0.66019
3.13219,0.66016
3.13603,0.66064
3.13809,0.66162
3.13910,0.66257
3.14002,0.66263
3.14108,0.66357
3.14214,0.66452
3.14307,0.66458
3.14405,0.66452
3.14502,0.66504
3.14622,0.66556
3.14709,0.66550
3.14802,0.66602
3.15211,0.66650
3.15310,0.66751
3.15407,0.66745
3.15505,0.66797
3.15605,0.66800
3.15716,0.66794
3.15806,0.66895
3.15903,0.66946
3.16006,0.66940
3.16104,0.66946
3.16228,0.66943
3.16308,0.66992
3.16502,0.67041
3.16603,0.67087
3.16710,0.67093
3.16808,0.67087
3.16907,0.67090
3.17006,0.67139
3.17107,0.67191
3.17208,0.67236
3.17302,0.67282
3.17405,0.67288
3.17506,0.67334
3.17607,0.67380
3.17702,0.67386
3.17813,0.67432
3.17911,0.67526
3.18004,0.67578
3.18102,0.67679
3.18209,0.67673
3.18314,0.67679
3.18403,0.67676
3.18998,0.67725
3.19112,0.67722
3.19209,0.67728
3.19309,0.67722
3.19408,0.67725
3.20105,0.67822
3.20205,0.67874
3.20327,0.67868
3.20408,0.67874
3.20505,0.67871
3.20915,0.67920
3.21002,0.67969
3.21107,0.68015
3.21206,0.68021
3.21304,0.68015
3.21409,0.68018
3.22202,0.68066
3.22412,0.68115
3.22499,0.68216
3.22605,0.68210
3.22703,0.68216
3.22806,0.68213
3.23004,0.68262
3.23105,0.68259
3.23204,0.68265
3.23306,0.68259
3.23407,0.68262
3.24312,0.68359
3.24409,0.68460
3.24507,0.68454
3.24602,0.68460
3.24702,0.68457
3.24904,0.68506
3.25010,0.68552
3.25098,0.68558
3.25206,0.68552
3.25297,0.68604
3.25403,0.68655
3.25513,0.68649
3.25607,0.68655
3.25708,0.68652
3.25805,0.68750
3.25906,0.68845
3.26002,0.68799
3.27105,0.68848
3.27203,0.68896
3.27304,0.68948
3.27403,0.68942
3.27504,0.68994
3.27802,0.69189
3.27903,0.69388
3.28004,0.69382
3.28113,0.69388
3.28207,0.69385
3.28309,0.69434
3.28413,0.69479
3.28505,0.69629
3.28601,0.69730
3.28707,0.69724
3.28807,0.69730
3.28904,0.69727
3.29506,0.69629
3.29606,0.69577
3.29703,0.69583
3.29814,0.69678
3.29908,0.69772
3.30003,0.69824
3.30104,0.69876
3.30203,0.69870
3.30316,0.69922
3.31010,0.69971
3.31109,0.70071
3.31208,0.70065
3.31306,0.70071
3.31408,0.70068
3.31503,0.70117
3.31606,0.70114
3.31705,0.70120
3.31803,0.70114
3.31906,0.70117
3.32109,0.70215
3.32206,0.70267
3.32307,0.70261
3.32404,0.70267
3.32505,0.70264
3.32905,0.70312
3.33304,0.70410
3.33405,0.70505
3.33505,0.70511
3.33603,0.70505
3.33705,0.70508
3.33802,0.70557
3.33899,0.70609
3.34005,0.70654
3.34109,0.70651
3.34208,0.70657
3.34303,0.70654
3.34413,0.70602
3.34500,0.70654
3.34606,0.70657
3.34696,0.70651
3.34803,0.70752
3.34906,0.70804
3.35008,0.70850
3.35808,0.70898
3.35915,0.70944
3.36006,0.70996
3.36115,0.71048
3.36210,0.71042
3.36312,0.71048
3.36407,0.71045
3.36809,0.71143
3.36904,0.71188
3.37007,0.71194
3.37114,0.71188
3.37203,0.71191
3.37307,0.71240
3.37906,0.71289
3.38009,0.71341
3.38106,0.71335
3.38209,0.71341
3.38312,0.71387
3.38804,0.71436
3.38902,0.71530
3.39001,0.71536
3.39105,0.71530
3.39207,0.71582
3.39307,0.71585
3.39404,0.71579
3.39504,0.71585
3.39604,0.71582
3.40007,0.71680
3.40105,0.71725
3.40202,0.71732
3.40317,0.71826
3.40406,0.71872
3.40502,0.71924
3.40612,0.71976
3.40728,0.71970
3.40804,0.72119
3.40912,0.72269
3.41007,0.72263
3.41111,0.72269
3.41213,0.72217
3.41311,0.72165
3.41418,0.72171
3.41506,0.72217
3.41650,0.72263
3.41711,0.72269
3.41806,0.72263
3.41910,0.72266
3.42109,0.72363
3.42205,0.72464
3.42309,0.72510
3.42408,0.72507
3.42512,0.72607
3.42602,0.72659
3.42710,0.72653
3.42832,0.72754
3.42909,0.72806
3.43023,0.72800
3.43105,0.72806
3.43207,0.72803
3.43308,0.72852
3.43425,0.72897
3.43508,0.72949
3.43607,0.73050
3.43711,0.73044
3.43826,0.73050
3.43926,0.73047
3.44817,0.73145
3.44914,0.73239
3.45014,0.73291
3.45132,0.73343
3.45213,0.73337
3.45313,0.73343
3.45458,0.73340
3.45807,0.73291
3.45905,0.73239
3.46009,0.73245
3.46108,0.73291
3.46218,0.73337
3.46330,0.73389
3.46422,0.73441
3.46518,0.73535
3.46616,0.73581
3.46707,0.73587
3.46804,0.73584
3.46903,0.73633
3.47012,0.73584
3.47407,0.73633
3.47506,0.73584
3.47916,0.73633
3.49503,0.73682
3.49605,0.73727
3.49706,0.73734
3.49803,0.73779
3.49902,0.73825
3.50003,0.73831
3.50103,0.73825
3.50208,0.73828
3.50313,0.73877
3.50406,0.73929
3.50504,0.73923
3.50603,0.73929
3.50731,0.73926
3.51803,0.73975
3.51900,0.73972
3.52007,0.73978
3.52103,0.73972
3.52205,0.73975
3.52508,0.74072
3.52608,0.74124
3.52701,0.74118
3.52805,0.74124
3.52903,0.74121
3.53216,0.74170
3.53313,0.74121
3.53906,0.74170
3.54110,0.74219
3.54203,0.74265
3.54306,0.74316
3.54403,0.74368
3.54507,0.74362
3.54604,0.74368
3.54708,0.74365
3.54805,0.74414
3.54903,0.74509
3.55007,0.74515
3.55106,0.74509
3.55204,0.74512
3.55403,0.74561
3.55503,0.74609
3.55608,0.74661
3.55711,0.74655
3.55810,0.74609
3.55909,0.74564
3.56005,0.74557
3.56104,0.74564
3.56206,0.74561
3.56502,0.74609
3.56604,0.74655
3.56707,0.74661
3.56802,0.74756
3.56899,0.74850
3.57006,0.74857
3.57104,0.74850
3.57206,0.74854
3.57306,0.74902
3.57409,0.74905
3.57507,0.74899
3.57602,0.74905
3.57723,0.74902
3.57808,0.75000
3.57903,0.75095
3.58005,0.75101
3.58107,0.75146
3.58213,0.75192
3.58305,0.75244
3.58403,0.75296
3.58502,0.75342
3.58604,0.75436
3.58709,0.75443
3.58802,0.75537
3.58907,0.75632
3.59004,0.75684
3.59103,0.75784
3.59202,0.75778
3.59302,0.75781
3.59405,0.75833
3.59508,0.75827
3.59610,0.75833
3.59705,0.75830
3.60010,0.75928
3.60105,0.75974
3.60203,0.75980
3.60311,0.75974
3.60403,0.75977
3.60904,0.76025
3.61015,0.76074
3.61101,0.76126
3.61211,0.76120
3.61308,0.76126
3.61401,0.76123
3.61801,0.76172
3.61905,0.76218
3.62006,0.76224
3.62101,0.76172
3.62207,0.76120
3.62301,0.76126
3.62406,0.76120
3.62501,0.76172
3.62601,0.76224
3.62704,0.76218
3.62808,0.76270
3.62910,0.76370
3.63004,0.76364
3.63106,0.76370
3.63213,0.76367
3.64115,0.76465
3.64197,0.76511
3.64306,0.76517
3.64406,0.76511
3.64504,0.76514
3.64607,0.76562
3.64804,0.76611
3.64904,0.76663
3.65009,0.76657
3.65103,0.76663
3.65203,0.76660
3.66102,0.76709
3.66206,0.76755
3.66308,0.76761
3.66405,0.76755
3.66505,0.76807
3.66603,0.76907
3.66703,0.76901
3.66804,0.76904
3.66899,0.76953
3.67317,0.76904
3.67907,0.76953
3.68103,0.77002
3.68204,0.77054
3.68305,0.77048
3.68404,0.77054
3.68499,0.77100
3.68605,0.77145
3.68706,0.77151
3.68808,0.77197
3.68904,0.77243
3.69001,0.77249
3.69113,0.77243
3.69204,0.77246
3.69301,0.77295
3.69405,0.77298
3.69510,0.77292
3.69603,0.77298
3.69701,0.77295
3.70894,0.77393
3.70912,0.77487
3.71006,0.77493
3.71110,0.77487
3.71206,0.77588
3.71302,0.77689
3.71406,0.77682
3.71505,0.77734
3.71607,0.77835
3.71710,0.77829
3.71802,0.77835
3.71901,0.77832
3.72304,0.77881
3.72510,0.77930
3.72606,0.77975
3.72702,0.77982
3.72802,0.78027
3.73307,0.78076
3.73406,0.78171
3.73508,0.78177
3.73609,0.78171
3.73708,0.78174
3.73803,0.78369
3.73902,0.78519
3.74006,0.78467
3.74108,0.78415
3.74202,0.78421
3.74300,0.78415
3.74409,0.78418
3.74809,0.78516
3.74907,0.78616
3.75017,0.78610
3.75108,0.78616
3.75207,0.78613
3.75506,0.78662
3.75604,0.78757
3.75712,0.78763
3.75807,0.78662
3.75902,0.78610
3.76002,0.78616
3.76103,0.78610
3.76227,0.78613
3.76307,0.78662
3.76408,0.78763
3.76500,0.78760
3.76804,0.78857
3.76903,0.78903
3.77009,0.78909
3.77105,0.78955
3.77606,0.78906
3.77804,0.79004
3.77912,0.79050
3.78005,0.79004
3.78105,0.78958
3.78207,0.78952
3.78308,0.79004
3.78398,0.79056
3.78504,0.79050
3.78603,0.79056
3.78702,0.79053
3.78807,0.79102
3.78904,0.79147
3.79018,0.79153
3.79109,0.79248
3.79207,0.79294
3.79306,0.79297
3.79420,0.79346
3.80007,0.79395
3.80109,0.79446
3.80204,0.79440
3.80308,0.79446
3.80413,0.79443
3.80804,0.79492
3.80920,0.79538
3.81005,0.79544
3.81103,0.79538
3.81213,0.79541
3.81804,0.79639
3.81907,0.79691
3.82008,0.79684
3.82108,0.79691
3.82203,0.79688
3.83209,0.79639
3.83801,0.79590
3.83902,0.79538
3.84010,0.79590
3.84105,0.79642
3.84204,0.79636
3.84302,0.79642
3.84403,0.79639
3.84514,0.79736
3.84605,0.79831
3.84704,0.79837
3.84801,0.79932
3.84907,0.79977
3.85007,0.80029
3.85100,0.80081
3.85206,0.80075
3.85306,0.80081
3.85400,0.80078
3.85509,0.80029
3.85604,0.79977
3.85710,0.79984
3.85805,0.79977
3.85916,0.79980
3.86306,0.80029
3.86404,0.80081
3.86498,0.80075
3.86602,0.80081
3.86707,0.80078
3.86803,0.80127
3.86905,0.80222
3.87007,0.80228
3.87116,0.80222
3.87202,0.80225
3.87409,0.80273
3.88797,0.80371
3.88901,0.80472
3.89002,0.80466
3.89102,0.80420
3.89210,0.80374
3.89303,0.80368
3.89403,0.80374
3.89499,0.80420
3.89603,0.80466
3.89702,0.80472
3.89802,0.80518
3.89904,0.80563
3.90004,0.80569
3.90104,0.80563
3.90206,0.80566
3.90310,0.80615
3.90414,0.80618
3.90500,0.80612
3.90600,0.80618
3.90715,0.80615
3.90807,0.80713
3.90903,0.80807
3.91002,0.80859
3.91101,0.80911
3.91217,0.80905
3.91308,0.80911
3.91408,0.80908
3.91805,0.80957
3.91900,0.81003
3.92008,0.81009
3.92101,0.81055
3.92203,0.81149
3.92304,0.81152
3.92502,0.81250
3.92607,0.81302
3.92700,0.81296
3.92806,0.81302
3.92901,0.81299
3.93104,0.81396
3.93203,0.81442
3.93304,0.81448
3.93404,0.81442
3.93502,0.81494
3.93602,0.81546
3.93715,0.81540
3.93820,0.81641
3.93906,0.81693
3.94001,0.81689
3.94108,0.81738
3.94306,0.81787
3.94401,0.81833
3.94505,0.81839
3.94603,0.81833
3.94704,0.81836
3.94803,0.81885
3.94903,0.81937
3.95007,0.81931
3.95103,0.81937
3.95203,0.81934
3.95302,0.81982
3.95408,0.82077
3.95505,0.82080
3.95802,0.82178
3.95905,0.82230
3.96003,0.82224
3.96103,0.82230
3.96212,0.82227
3.96606,0.82275
3.97103,0.82324
3.97206,0.82370
3.97305,0.82376
3.97407,0.82370
3.97499,0.82422
3.97609,0.82474
3.97705,0.82468
3.97801,0.82474
3.97908,0.82471
3.99302,0.82520
3.99404,0.82614
3.99497,0.82617
3.99607,0.82666
4.00111,0.82715
4.00210,0.82767
4.00310,0.82761
4.00406,0.82767
4.00502,0.82812
4.00608,0.82858
4.00709,0.82864
4.00808,0.82910
4.00905,0.82956
4.01007,0.82962
4.01104,0.82956
4.01209,0.82959
4.01307,0.83008
4.01503,0.83105
4.01612,0.83157
4.01712,0.83151
4.01800,0.83154
4.01903,0.83203
4.02002,0.83252
4.02106,0.83304
4.02200,0.83298
4.02302,0.83304
4.02405,0.83301
4.02802,0.83447
4.02913,0.83542
4.02999,0.83548
4.03102,0.83542
4.03211,0.83545
4.03304,0.83594
4.03403,0.83694
4.03504,0.83789
4.03601,0.83835
4.03710,0.83841
4.03807,0.83984
4.03902,0.84128
4.04002,0.84134
4.04110,0.84180
4.04206,0.84225
4.04305,0.84277
4.04403,0.84329
4.04507,0.84323
4.04605,0.84329
4.04702,0.84326
4.04800,0.84424
4.04904,0.84470
4.05007,0.84476
4.05102,0.84470
4.05207,0.84473
4.05518,0.84570
4.05605,0.84622
4.05703,0.84616
4.05830,0.84766
4.05908,0.84866
4.06001,0.84860
4.06104,0.84961
4.06213,0.85062
4.06315,0.85107
4.06405,0.85153
4.06501,0.85205
4.06613,0.85257
4.06708,0.85251
4.06802,0.85303
4.06902,0.85355
4.07003,0.85400
4.07306,0.85498
4.07402,0.85544
4.07503,0.85547
4.07601,0.85596
4.07810,0.85693
4.07917,0.85794
4.08006,0.85788
4.08104,0.85840
4.08228,0.85941
4.08306,0.85938
4.08803,0.86035
4.08904,0.86081
4.09006,0.86087
4.09108,0.86081
4.09208,0.86084
4.09503,0.86133
4.09606,0.86185
4.09704,0.86179
4.09801,0.86279
4.09905,0.86331
4.10004,0.86325
4.10103,0.86331
4.10224,0.86328
4.10316,0.86426
4.10405,0.86472
4.10508,0.86572
4.10609,0.86624
4.10732,0.86618
4.10813,0.86670
4.10904,0.86722
4.11011,0.86768
4.11099,0.86862
4.11209,0.86868
4.11307,0.86865
4.11816,0.86914
4.12504,0.86963
4.15004,0.87012
4.15405,0.86963
4.15499,0.87012
4.20307,0.87061
4.24106,0.87109
4.29506,0.87158
4.34998,0.87207
4.43305,0.87256
4.46504,0.87305
4.49507,0.87354
4.53504,0.87402
4.57306,0.87451
4.60108,0.87500
4.62795,0.87549
4.68002,0.87598
4.71305,0.87646
4.75503,0.87695
4.80803,0.87744
4.84106,0.87793
4.91310,0.87842
4.94500,0.87891
4.96302,0.87939
4.99815,0.87988
5.06911,0.88037
5.09513,0.88086
5.13307,0.88135
5.15797,0.88184
5.17498,0.88232
5.19800,0.88281
5.25504,0.88330
5.28503,0.88379
5.31505,0.88428
5.33805,0.88477
5.35804,0.88525
5.37305,0.88574
5.39303,0.88623
5.44302,0.88672
5.50505,0.88721
5.54105,0.88770
5.57503,0.88818
5.60899,0.88867
5.66305,0.88916
5.70803,0.88965
5.74897,0.89014
5.75198,0.88965
5.75499,0.89014
5.81501,0.89062
5.85105,0.89111
5.88000,0.89160
5.93800,0.89209
5.99303,0.89258
6.08097,0.89307
6.13796,0.89355
6.21796,0.89404
6.24804,0.89453
6.28799,0.89502
6.32294,0.89551
6.38898,0.89600
6.41303,0.89648
6.46002,0.89697
6.51802,0.89746
6.57103,0.89795
6.62297,0.89844
6.69105,0.89893
6.73298,0.89941
6.76798,0.89990
6.80803,0.90039
6.84504,0.90088
6.86499,0.90137
6.88497,0.90186
6.90998,0.90234
6.95102,0.90283
7.00803,0.90332
7.01708,0.90283
7.01807,0.90332
7.08095,0.90381
7.13297,0.90430
7.18499,0.90479
7.22860,0.90527
7.27898,0.90576
7.33499,0.90625
7.39904,0.90674
7.44899,0.90723
7.50093,0.90771
7.57805,0.90820
7.62095,0.90869
7.64796,0.90918
7.68302,0.90967
7.74117,0.91016
7.74391,0.90967
7.74496,0.91016
7.78815,0.91064
7.83998,0.91113
7.88797,0.91162
7.96798,0.91211
8.01790,0.91260
8.06180,0.91309
8.10798,0.91357
8.14302,0.91406
8.17986,0.91455
8.20801,0.91504
8.24301,0.91553
8.27796,0.91602
8.31091,0.91650
8.38097,0.91699
8.44886,0.91748
8.45190,0.91699
8.45801,0.91748
8.49496,0.91797
8.52499,0.91846
8.56797,0.91895
8.61902,0.91943
8.65300,0.91992
8.68992,0.92041
8.73893,0.92090
8.79097,0.92139
8.84300,0.92188
8.88997,0.92236
8.91993,0.92285
8.94793,0.92334
8.96795,0.92383
9.01115,0.92432
9.03802,0.92480
9.06497,0.92529
9.08801,0.92578
9.11495,0.92627
9.13833,0.92676
9.16795,0.92725
9.23093,0.92773
9.29498,0.92822
9.35297,0.92871
9.38898,0.92920
9.41895,0.92969
9.48296,0.93018
9.52897,0.93066
9.55293,0.93115
9.57295,0.93164
9.58498,0.93213
9.60296,0.93262
9.61794,0.93311
9.65795,0.93359
9.77995,0.93408
9.81799,0.93457
9.84093,0.93506
9.86497,0.93555
9.88495,0.93604
9.91493,0.93652
9.94893,0.93701
9.98794,0.93750
10.03290,0.93799
10.08300,0.93848
10.11088,0.93896
10.13797,0.93945
10.16794,0.93994
10.21890,0.94043
10.26501,0.94092
10.30094,0.94141
10.37105,0.94189
10.41491,0.94238
10.45088,0.94287
10.56788,0.94336
10.63794,0.94385
10.64387,0.94336
10.64798,0.94385
10.73080,0.94434
10.77788,0.94482
10.82089,0.94531
10.86293,0.94580
10.90793,0.94629
10.94287,0.94678
11.00493,0.94727
11.03791,0.94775
11.05891,0.94824
11.07791,0.94873
11.09795,0.94922
11.12293,0.94971
11.14489,0.95020
11.16296,0.95068
11.19497,0.95117
11.23394,0.95166
11.27192,0.95215
11.30793,0.95264
11.34096,0.95312
11.37295,0.95361
11.40893,0.95410
11.50286,0.95459
11.54793,0.95508
11.58294,0.95557
11.61093,0.95605
11.63094,0.95654
11.65292,0.95703
11.66793,0.95752
11.68297,0.95801
11.69290,0.95850
11.70948,0.95898
11.71891,0.95947
11.74302,0.95996
11.77486,0.96045
11.81888,0.96094
11.95295,0.96143
11.95588,0.96094
11.96091,0.96143
11.99292,0.96191
12.01292,0.96240
12.03291,0.96289
12.05794,0.96338
12.10882,0.96387
12.16292,0.96436
12.19487,0.96484
12.21789,0.96533
12.24994,0.96582
12.29101,0.96631
12.33490,0.96680
12.35816,0.96729
12.38389,0.96777
12.42283,0.96826
12.51885,0.96875
12.54893,0.96924
12.58293,0.96973
12.61093,0.97021
12.63496,0.97070
12.65488,0.97119
12.67095,0.97168
12.68903,0.97217
12.70091,0.97266
12.71894,0.97314
12.74786,0.97363
12.77484,0.97412
12.80796,0.97461
12.83091,0.97510
12.85387,0.97559
12.88295,0.97607
12.90899,0.97656
12.92900,0.97705
12.96886,0.97754
12.99286,0.97803
13.01485,0.97852
13.04260,0.97900
13.06886,0.97949
13.08794,0.97998
13.10790,0.98047
13.12792,0.98096
13.15786,0.98145
13.22494,0.98193
13.27291,0.98242
13.27589,0.98193
13.28285,0.98242
13.33289,0.98291
13.35786,0.98340
13.37275,0.98389
13.38803,0.98438
13.40090,0.98486
13.41897,0.98535
13.43386,0.98584
13.45085,0.98633
13.48284,0.98682
13.51789,0.98730
13.53786,0.98779
13.55289,0.98828
13.56783,0.98877
13.58787,0.98926
13.61024,0.98975
13.63292,0.99023

# Filtered Data
# Time,Position
0.00025,0.05029
0.00102,0.05081
0.00302,0.05078
0.00402,0.05127
0.00500,0.05176
0.00604,0.05228
0.00807,0.05371
0.00916,0.05521
0.01104,0.05521
0.01304,0.05615
0.01402,0.05710
0.01502,0.05811
0.01601,0.05862
0.01802,0.05859
0.01908,0.05908
0.02309,0.05957
0.02408,0.06009
0.02503,0.06055
0.02816,0.06201
0.02903,0.06296
0.03002,0.06396
0.03104,0.06448
0.03303,0.06543
0.03403,0.06595
0.03603,0.06595
0.03801,0.06689
0.03915,0.06735
0.04006,0.06741
0.04199,0.06738
0.04305,0.06787
0.04408,0.06839
0.04503,0.06934
0.04607,0.06979
0.04704,0.06985
0.04803,0.07080
0.04903,0.07126
0.05004,0.07178
0.05102,0.07230
0.05304,0.07275
0.05416,0.07376
0.05604,0.07422
0.05806,0.07520
0.05904,0.07614
0.06001,0.07715
0.06101,0.07816
0.06212,0.07861
0.06302,0.07907
0.06402,0.07913
0.06603,0.07910
0.06801,0.07959
0.07302,0.08008
0.07410,0.08109
0.07501,0.08154
0.07702,0.08157
0.07802,0.08252
0.07904,0.08347
0.08005,0.08398
0.08104,0.08499
0.08305,0.08496
0.08801,0.08594
0.08907,0.08646
0.09108,0.08646
0.09302,0.08691
0.09402,0.08737
0.09505,0.08743
0.09705,0.08740
0.10110,0.08646
0.10502,0.08740
0.10602,0.08884
0.10704,0.08890
0.11102,0.08984
0.11203,0.09030
0.11505,0.08984
0.11604,0.09030
0.11702,0.09036
0.11802,0.09082
0.11901,0.09128
0.12004,0.09134
0.12208,0.09131
0.12509,0.09180
0.12612,0.09232
0.12801,0.09277
0.13309,0.09375
0.13402,0.09427
0.13502,0.09521
0.13601,0.09567
0.13703,0.09573
0.13801,0.09717
0.13902,0.09811
0.13999,0.09818
0.14108,0.09912
0.14203,0.09958
0.14302,0.09964
0.14509,0.10059
0.14609,0.10159
0.14805,0.10254
0.14911,0.10355
0.15007,0.10400
0.15302,0.10498
0.15404,0.10544
0.15503,0.10596
0.15603,0.10648
0.15807,0.10693
0.15903,0.10794
0.16101,0.10889
0.16205,0.10941
0.16302,0.11035
0.16417,0.11081
0.16503,0.11133
0.16604,0.11185
0.16807,0.11279
0.16910,0.11380
0.17104,0.11380
0.17202,0.11426
0.17304,0.11472
0.17402,0.11478
0.17504,0.11523
0.17602,0.11569
0.17702,0.11575
0.17800,0.11719
0.17911,0.11862
0.18003,0.11914
0.18209,0.12012
0.18305,0.12112
0.18401,0.12207
0.18502,0.12302
0.18610,0.12308
0.18803,0.12402
0.18920,0.12503
0.19012,0.12598
0.19113,0.12643
0.19527,0.12598
0.19609,0.12650
0.19810,0.12744
0.19915,0.12796
0.20009,0.12842
0.20204,0.12939
0.20317,0.12985
0.20412,0.12991
0.20612,0.12988
0.20814,0.13086
0.20906,0.13187
0.21217,0.13089
0.21413,0.13086
0.22213,0.12845
0.22411,0.12842
0.23013,0.12939
0.23109,0.12991
0.23209,0.13037
0.23311,0.13083
0.23708,0.12991
0.23808,0.13086
0.23906,0.13181
0.24007,0.13232
0.24211,0.13330
0.24311,0.13382
0.24512,0.13382
0.24810,0.13428
0.24905,0.13474
0.25010,0.13480
0.25207,0.13477
0.26012,0.13525
0.26108,0.13528
0.26215,0.13574
0.26310,0.13620
0.26408,0.13626
0.26620,0.13623
0.27012,0.13721
0.27111,0.13773
0.27416,0.13721
0.27513,0.13773
0.27714,0.13773
0.28111,0.13818
0.28811,0.13867
0.28907,0.13913
0.29012,0.13919
0.29209,0.13965
0.29308,0.14017
0.29412,0.14111
0.29507,0.14157
0.29609,0.14163
0.29807,0.14160
0.30208,0.14111
0.30326,0.14157
0.30411,0.14160
0.30509,0.14209
0.30802,0.14258
0.30911,0.14310
0.31006,0.14355
0.31109,0.14401
0.31212,0.14407
0.31409,0.14404
0.32418,0.14355
0.32518,0.14401
0.32617,0.14407
0.32819,0.14404
0.33008,0.14453
0.33111,0.14505
0.33412,0.14407
0.33609,0.14404
0.34513,0.14453
0.34614,0.14505
0.34811,0.14505
0.35808,0.14600
0.35920,0.14694
0.36010,0.14700
0.36214,0.14697
0.37012,0.14746
0.38201,0.14795
0.38312,0.14896
0.38511,0.14896
0.38814,0.14941
0.39013,0.14941
0.39308,0.14896
0.40207,0.14795
0.40325,0.14896
0.40506,0.14896
0.40810,0.14941
0.41014,0.15039
0.41111,0.15091
0.41313,0.15091
0.41513,0.15137
0.42509,0.15186
0.42614,0.15280
0.42711,0.15286
0.42917,0.15332
0.43005,0.15381
0.43109,0.15427
0.43204,0.15479
0.43330,0.15530
0.43509,0.15530
0.44007,0.15576
0.44116,0.15671
0.44228,0.15674
0.44406,0.15820
0.44506,0.15921
0.44711,0.15921
0.44811,0.15967
0.44910,0.16013
0.45008,0.16113
0.45111,0.16214
0.45211,0.16260
0.45815,0.16309
0.45910,0.16403
0.46006,0.16455
0.46113,0.16458
0.46311,0.16458
0.46808,0.16553
0.46918,0.16647
0.47018,0.16699
0.47115,0.16751
0.47325,0.16751
0.47511,0.16846
0.47610,0.16940
0.47710,0.16946
0.47803,0.16992
0.47908,0.17038
0.48009,0.17090
0.48109,0.17142
0.48411,0.17090
0.48509,0.17142
0.48718,0.17142
0.48814,0.17188
0.49012,0.17285
0.49106,0.17331
0.49207,0.17383
0.49312,0.17435
0.49507,0.17435
0.49807,0.17480
0.49911,0.17575
0.50007,0.17581
0.50207,0.17578
0.50809,0.17676
0.50908,0.17728
0.51010,0.17773
0.51110,0.17819
0.51229,0.17825
0.51412,0.17822
0.51512,0.17871
0.51608,0.17874
0.51809,0.17920
0.51905,0.17972
0.52015,0.18018
0.52114,0.18112
0.52208,0.18115
0.52308,0.18164
0.53007,0.18213
0.53108,0.18265
0.53310,0.18265
0.53410,0.18311
0.53512,0.18356
0.53607,0.18362
0.53808,0.18359
0.54312,0.18408
0.54405,0.18509
0.54612,0.18555
0.54809,0.18604
0.54913,0.18698
0.55017,0.18750
0.55112,0.18851
0.55307,0.18851
0.55512,0.18896
0.55714,0.18900
0.55808,0.19092
0.55909,0.19235
0.56013,0.19241
0.56212,0.19238
0.57016,0.19336
0.57106,0.19437
0.57209,0.19482
0.57507,0.19531
0.57615,0.19626
0.57711,0.19632
0.57814,0.19678
0.57913,0.19772
0.58010,0.19778
0.58218,0.19824
0.58315,0.19876
0.58410,0.19922
0.58507,0.19968
0.58608,0.19974
0.58813,0.20020
0.59007,0.20117
0.59111,0.20169
0.59314,0.20169
0.59804,0.20264
0.59908,0.20309
0.60007,0.20316
0.60213,0.20361
0.60315,0.20413
0.60510,0.20413
0.61314,0.20508
0.61408,0.20554
0.61508,0.20557
0.61616,0.20605
0.61827,0.20703
0.61911,0.20804
0.62210,0.20706
0.62414,0.20703
0.63308,0.20752
0.63408,0.20804
0.63509,0.20898
0.63612,0.20944
0.63709,0.20950
0.63910,0.20947
0.64112,0.20996
0.64511,0.21045
0.64609,0.21097
0.64807,0.21191
0.64912,0.21292
0.65004,0.21338
0.65107,0.21384
0.65207,0.21390
0.65411,0.21387
0.65512,0.21436
0.65610,0.21536
0.65811,0.21631
0.65913,0.21683
0.66009,0.21777
0.66107,0.21872
0.66216,0.21878
0.66405,0.21875
0.66528,0.21924
0.66812,0.21973
0.66906,0.22073
0.67206,0.21927
0.67315,0.21973
0.67418,0.22067
0.67512,0.22070
0.67611,0.22119
0.67804,0.22217
0.67916,0.22318
0.68107,0.22318
0.68511,0.22363
0.68613,0.22458
0.68717,0.22464
0.69006,0.22559
0.69113,0.22604
0.69214,0.22610
0.69310,0.22656
0.69408,0.22702
0.69507,0.22708
0.69710,0.22705
0.69807,0.22754
0.69909,0.22855
0.70810,0.22949
0.70913,0.23044
0.71011,0.23096
0.71110,0.23196
0.71310,0.23196
0.72207,0.23050
0.72410,0.23047
0.72509,0.23096
0.72607,0.23196
0.72810,0.23196
0.73009,0.23242
0.73209,0.23245
0.73314,0.23340
0.73411,0.23386
0.73806,0.23340
0.73911,0.23441
0.74099,0.23441
0.75914,0.23438
0.76509,0.23486
0.76632,0.23532
0.76709,0.23538
0.76904,0.23535
0.77106,0.23584
0.77214,0.23636
0.77406,0.23636
0.78008,0.23682
0.78116,0.23727
0.78204,0.23734
0.78417,0.23730
0.78813,0.23779
0.78915,0.23831
0.79108,0.23831
0.80015,0.23877
0.80111,0.23923
0.80204,0.23929
0.80324,0.23975
0.81509,0.23975
0.82018,0.24072
0.82108,0.24118
0.82211,0.24124
0.82407,0.24170
0.82513,0.24222
0.82708,0.24222
0.82822,0.24268
0.82909,0.24313
0.83007,0.24365
0.83307,0.24463
0.83409,0.24515
0.83709,0.24368
0.83811,0.24463
0.83911,0.24606
0.84017,0.24658
0.84114,0.24661
0.84313,0.24805
0.84408,0.24905
0.84612,0.24951
0.84812,0.25000
0.84908,0.25046
0.85008,0.25052
0.85106,0.25098
0.85208,0.25143
0.85311,0.25150
0.85507,0.25146
0.85812,0.25293
0.85921,0.25443
0.86013,0.25537
0.86105,0.25632
0.86209,0.25638
0.86409,0.25684
0.86511,0.25687
0.86705,0.25687
0.87108,0.25781
0.87247,0.25827
0.87309,0.25879
0.87507,0.25928
0.87611,0.26028
0.87812,0.26123
0.87911,0.26224
0.88007,0.26270
0.88311,0.26318
0.88401,0.26413
0.88506,0.26416
0.88808,0.26562
0.88907,0.26663
0.89018,0.26709
0.89120,0.26755
0.89209,0.26761
0.89412,0.26758
0.89804,0.26807
0.90815,0.26904
0.90909,0.26956
0.91110,0.26956
0.91512,0.27002
0.91607,0.27048
0.91709,0.27054
0.91807,0.27148
0.91910,0.27194
0.92013,0.27295
0.92109,0.27396
0.92313,0.27396
0.92909,0.27393
0.93206,0.27441
0.93312,0.27487
0.93406,0.27493
0.93610,0.27490
0.94211,0.27539
0.94311,0.27591
0.94517,0.27686
0.94615,0.27737
0.94815,0.27734
0.94915,0.27783
0.95516,0.27832
0.95616,0.27884
0.95817,0.27979
0.95917,0.28079
0.96123,0.28079
0.96215,0.28125
0.96311,0.28171
0.96415,0.28177
0.96614,0.28174
0.96824,0.28223
0.97388,0.28323
0.97452,0.28418
0.97509,0.28464
0.97611,0.28564
0.97704,0.28665
0.97853,0.28760
0.97915,0.28903
0.98007,0.28955
0.98106,0.29007
0.98313,0.29053
0.98430,0.29105
0.98607,0.29105
0.98809,0.29199
0.98930,0.29294
0.99010,0.29300
0.99212,0.29297
0.99510,0.29346
0.99610,0.29398
0.99805,0.29398
1.00007,0.29443
1.00110,0.29489
1.00208,0.29495
1.00320,0.29541
1.00416,0.29636
1.00505,0.29639
1.00814,0.29736
1.00909,0.29837
1.01008,0.29883
1.01106,0.29977
1.01217,0.29984
1.01307,0.30029
1.01505,0.30032
1.01707,0.30029
1.01810,0.30127
1.01915,0.30179
1.02010,0.30225
1.02515,0.30273
1.02610,0.30368
1.02707,0.30374
1.03009,0.30228
1.03214,0.30225
1.04009,0.30273
1.04108,0.30374
1.04302,0.30420
1.04409,0.30423
1.04514,0.30469
1.04608,0.30515
1.04705,0.30521
1.04805,0.30566
1.04911,0.30612
1.05018,0.30664
1.05107,0.30716
1.05211,0.30762
1.05808,0.30859
1.05912,0.30905
1.06009,0.30957
1.06119,0.31009
1.06314,0.31009
1.06511,0.31104
1.06610,0.31149
1.06707,0.31155
1.06810,0.31299
1.06909,0.31393
1.07010,0.31400
1.07207,0.31396
1.08309,0.31445
1.08410,0.31448
1.08603,0.31448
1.09508,0.31445
1.09609,0.31448
1.09811,0.31494
1.09930,0.31546
1.10008,0.31641
1.10106,0.31686
1.10206,0.31693
1.10413,0.31689
1.12108,0.31448
1.12510,0.31494
1.12613,0.31540
1.12710,0.31546
1.12909,0.31543
1.13006,0.31641
1.13106,0.31693
1.13608,0.31546
1.13809,0.31641
1.13912,0.31686
1.14311,0.31641
1.14404,0.31741
1.14609,0.31741
1.15011,0.31787
1.15108,0.31833
1.15209,0.31839
1.15409,0.31836
1.15809,0.31885
1.15907,0.31937
1.16218,0.31885
1.16306,0.31937
1.16513,0.31982
1.16611,0.32083
1.16811,0.32083
1.17728,0.31937
1.17811,0.31982
1.17905,0.32077
1.18012,0.32080
1.18107,0.32129
1.19810,0.32178
1.19909,0.32278
1.20111,0.32278
1.20813,0.32373
1.20903,0.32419
1.21014,0.32425
1.21207,0.32422
1.21308,0.32471
1.21403,0.32523
1.21707,0.32425
1.21908,0.32422
1.22302,0.32471
1.22414,0.32523
1.22608,0.32523
1.23009,0.32425
1.23201,0.32422
1.23806,0.32471
1.23909,0.32523
1.24112,0.32523
1.25011,0.32278
1.25106,0.32373
1.25206,0.32419
1.25312,0.32425
1.25808,0.32373
1.25908,0.32425
1.26006,0.32471
1.26110,0.32516
1.26209,0.32523
1.26405,0.32520
1.26508,0.32568
1.26618,0.32620
1.26805,0.32666
1.27808,0.32666
1.28412,0.32715
1.28509,0.32816
1.28707,0.32816
1.29011,0.32620
1.29209,0.32617
1.29811,0.32715
1.29908,0.32816
1.30008,0.32861
1.30206,0.32864
1.30412,0.32861
1.30807,0.32959
1.30910,0.33011
1.31104,0.33011
1.31210,0.33057
1.33314,0.33105
1.33409,0.33200
1.33510,0.33252
1.33606,0.33353
1.33804,0.33398
1.33910,0.33450
1.34009,0.33496
1.34113,0.33591
1.34210,0.33597
1.34508,0.33691
1.34609,0.33737
1.34705,0.33743
1.34806,0.33789
1.34911,0.33835
1.35008,0.33841
1.35208,0.33838
1.35512,0.33838
1.35609,0.33932
1.35708,0.33939
1.35814,0.34033
1.35911,0.34177
1.36010,0.34229
1.36113,0.34280
1.36313,0.34326
1.36415,0.34378
1.36616,0.34378
1.36809,0.34473
1.36911,0.34567
1.37011,0.34573
1.37206,0.34570
1.37307,0.34619
1.37417,0.34671
1.37512,0.34717
1.37617,0.34763
1.37712,0.34769
1.37805,0.34814
1.37912,0.34860
1.38009,0.34866
1.38114,0.34912
1.38218,0.34958
1.38314,0.34964
1.38507,0.35010
1.38604,0.35110
1.38807,0.35205
1.38905,0.35257
1.39011,0.35303
1.39107,0.35349
1.39207,0.35355
1.39416,0.35352
1.39519,0.35400
1.39609,0.35452
1.39806,0.35547
1.39909,0.35648
1.40102,0.35693
1.40318,0.35742
1.40413,0.35788
1.40520,0.35794
1.40704,0.35791
1.40812,0.35840
1.40909,0.35892
1.41110,0.35892
1.41708,0.35794
1.41810,0.35840
1.41904,0.35886
1.42012,0.35892
1.42203,0.35889
1.42310,0.35938
1.42404,0.36038
1.42609,0.36084
1.42818,0.36182
1.42915,0.36276
1.43006,0.36282
1.43218,0.36279
1.43827,0.36377
1.43905,0.36429
1.44012,0.36523
1.44108,0.36569
1.44207,0.36575
1.44304,0.36670
1.44404,0.36765
1.44512,0.36771
1.44707,0.36768
1.44804,0.36865
1.44906,0.36966
1.45310,0.36914
1.45414,0.36960
1.45511,0.37012
1.46002,0.37061
1.46107,0.37161
1.46304,0.37207
1.46410,0.37210
1.46710,0.37161
1.46909,0.37158
1.47312,0.37207
1.47410,0.37210
1.47508,0.37256
1.47608,0.37302
1.47712,0.37308
1.47809,0.37402
1.47907,0.37497
1.48006,0.37503
1.48205,0.37500
1.48313,0.37549
1.48804,0.37646
1.48912,0.37698
1.49212,0.37646
1.49301,0.37698
1.49520,0.37744
1.49609,0.37796
1.49803,0.37891
1.49909,0.37943
1.50008,0.38086
1.50113,0.38181
1.50209,0.38232
1.50309,0.38235
1.50501,0.38235
1.50803,0.38281
1.50909,0.38327
1.51006,0.38333
1.51226,0.38428
1.51302,0.38480
1.51509,0.38477
1.51611,0.38525
1.51811,0.38672
1.51905,0.38870
1.52110,0.38870
1.52953,0.38916
1.53023,0.38965
1.53117,0.39011
1.53207,0.39017
1.53407,0.39014
1.54108,0.38919
1.54308,0.38965
1.54408,0.39011
1.54508,0.39017
1.54705,0.39014
1.54809,0.39111
1.54915,0.39212
1.55411,0.39066
1.55507,0.39160
1.55605,0.39206
1.55708,0.39212
1.55815,0.39258
1.55911,0.39304
1.56012,0.39310
1.56213,0.39307
1.56806,0.39258
1.56904,0.39310
1.57107,0.39310
1.57504,0.39355
1.57608,0.39401
1.57713,0.39407
1.57809,0.39502
1.57908,0.39597
1.58007,0.39603
1.58199,0.39600
1.58316,0.39648
1.58407,0.39651
1.58609,0.39651
1.59007,0.39603
1.59107,0.39648
1.59310,0.39651
1.59511,0.39746
1.59609,0.39798
1.59807,0.39844
1.60008,0.39893
1.60111,0.39993
1.60313,0.39993
1.60608,0.40039
1.61611,0.40039
1.61812,0.40137
1.61907,0.40231
1.62008,0.40237
1.62201,0.40234
1.62311,0.40283
1.62407,0.40384
1.63005,0.40430
1.63112,0.40524
1.63208,0.40530
1.63412,0.40527
1.64017,0.40576
1.64116,0.40628
1.64308,0.40628
1.64507,0.40674
1.64609,0.40720
1.64710,0.40726
1.64905,0.40723
1.65303,0.40628
1.65505,0.40674
1.65614,0.40720
1.65720,0.40726
1.65811,0.40820
1.65903,0.40915
1.66009,0.40921
1.66214,0.40918
1.66306,0.40967
1.67507,0.40869
1.67613,0.40915
1.67711,0.40921
1.67909,0.40918
1.68104,0.40967
1.68808,0.41016
1.68902,0.41116
1.69097,0.41116
1.69513,0.40970
1.69706,0.40967
1.70311,0.40967
1.70813,0.41016
1.70912,0.41116
1.71004,0.41162
1.71215,0.41165
1.71405,0.41162
1.72308,0.41116
1.72601,0.40970
1.72801,0.41016
1.72909,0.41116
1.73101,0.41116
1.73217,0.41162
1.73414,0.41165
1.73603,0.41162
1.73813,0.41260
1.73908,0.41312
1.74113,0.41312
1.74310,0.41357
1.74825,0.41406
1.74905,0.41452
1.75008,0.41504
1.75111,0.41556
1.75199,0.41602
1.75309,0.41647
1.75404,0.41653
1.75608,0.41650
1.76508,0.41699
1.76612,0.41751
1.76804,0.41797
1.76904,0.41849
1.77106,0.41849
1.77811,0.41895
1.78006,0.41992
1.78111,0.42038
1.78216,0.42044
1.78406,0.42041
1.78812,0.41895
1.79513,0.41895
1.80326,0.41992
1.80416,0.42044
1.80610,0.42044
1.80811,0.42090
1.80904,0.42136
1.81010,0.42142
1.81208,0.42139
1.81804,0.42188
1.81910,0.42239
1.82000,0.42285
1.82207,0.42383
1.82305,0.42429
1.82413,0.42435
1.82608,0.42432
1.84607,0.42480
1.84809,0.42578
1.84903,0.42679
1.85005,0.42725
1.85103,0.42819
1.85205,0.42825
1.85408,0.42871
1.86304,0.42920
1.86410,0.42966
1.86507,0.42972
1.86708,0.42969
1.86806,0.43115
1.86909,0.43265
1.87003,0.43311
1.87108,0.43405
1.87203,0.43411
1.87406,0.43408
1.87807,0.43457
1.87909,0.43558
1.88109,0.43558
1.88504,0.43457
1.88605,0.43558
1.88805,0.43604
1.88906,0.43607
1.89114,0.43607
1.89308,0.43701
1.89404,0.43747
1.89514,0.43753
1.89709,0.43750
1.90100,0.43607
1.90310,0.43701
1.90410,0.43796
1.90507,0.43802
1.90740,0.43799
1.90807,0.43896
1.90909,0.43948
1.91006,0.43994
1.91105,0.44040
1.91214,0.44046
1.91405,0.44043
1.91508,0.44092
1.91607,0.44144
1.91808,0.44144
1.92310,0.44189
1.92407,0.44284
1.92512,0.44287
1.92811,0.44434
1.92911,0.44534
1.93212,0.44437
1.93312,0.44482
1.93403,0.44528
1.93506,0.44534
1.93710,0.44531
1.94008,0.44580
1.94110,0.44632
1.94313,0.44678
1.94507,0.44727
1.94609,0.44827
1.94805,0.44873
1.94906,0.44876
1.95107,0.44876
1.95321,0.44922
1.95409,0.44968
1.95509,0.45020
1.95607,0.45071
1.95809,0.45071
1.96308,0.45117
1.96405,0.45163
1.96506,0.45169
1.96713,0.45166
1.96807,0.45215
1.97008,0.45312
1.97106,0.45364
1.97305,0.45364
1.97512,0.45410
1.97608,0.45456
1.97707,0.45462
1.97803,0.45508
1.97913,0.45554
1.98007,0.45605
1.98508,0.45654
1.98607,0.45755
1.98808,0.45850
1.98905,0.45999
1.99110,0.45999
1.99310,0.46045
1.99407,0.46091
1.99509,0.46143
2.00011,0.46240
2.00107,0.46292
2.00308,0.46338
2.00410,0.46390
2.00604,0.46390
2.00805,0.46436
2.00911,0.46481
2.01008,0.46487
2.01213,0.46484
2.01306,0.46533
2.01805,0.46631
2.01907,0.46683
2.02007,0.46826
2.02111,0.46921
2.02205,0.46927
2.02311,0.46973
2.02411,0.47018
2.02510,0.47025
2.02718,0.47021
2.02805,0.47119
2.02909,0.47220
2.03005,0.47266
2.03213,0.47269
2.03311,0.47314
2.03411,0.47360
2.03508,0.47366
2.03701,0.47363
2.03806,0.47412
2.03908,0.47464
2.04108,0.47464
2.05209,0.47559
2.05311,0.47604
2.05406,0.47610
2.05503,0.47705
2.05605,0.47751
2.05711,0.47757
2.05815,0.47803
2.05906,0.47849
2.06006,0.47855
2.06209,0.47900
2.06307,0.47952
2.06512,0.47952
2.06809,0.47998
2.07007,0.48047
2.07111,0.48141
2.07513,0.48047
2.07607,0.48148
2.07806,0.48193
2.07910,0.48196
2.08007,0.48242
2.08102,0.48288
2.08235,0.48340
2.08319,0.48392
2.08506,0.48392
2.08805,0.48486
2.08913,0.48532
2.09011,0.48633
2.09106,0.48685
2.09311,0.48685
2.09515,0.48730
2.09609,0.48776
2.09706,0.48782
2.09810,0.48926
2.09908,0.49069
2.10011,0.49075
2.10317,0.49219
2.10411,0.49313
2.10514,0.49365
2.10608,0.49417
2.10810,0.49463
2.11112,0.49512
2.11211,0.49612
2.11404,0.49612
2.11505,0.49658
2.11711,0.49661
2.11810,0.49756
2.11911,0.49850
2.12014,0.49857
2.12110,0.49902
2.12215,0.49948
2.12311,0.50000
2.12509,0.50098
2.12608,0.50150
2.12809,0.50195
2.12912,0.50247
2.13009,0.50293
2.13107,0.50339
2.13506,0.50293
2.13605,0.50345
2.14136,0.50247
2.15015,0.50150
2.15110,0.50195
2.15223,0.50241
2.15314,0.50247
2.15517,0.50293
2.15612,0.50345
2.15811,0.50345
2.15914,0.50439
2.16014,0.50534
2.16111,0.50540
2.16326,0.50537
2.16809,0.50439
2.16906,0.50540
2.17113,0.50540
2.17507,0.50586
2.17707,0.50589
2.17906,0.50586
2.18006,0.50635
2.18106,0.50687
2.18313,0.50687
2.18510,0.50732
2.18611,0.50778
2.18707,0.50784
2.18813,0.50830
2.18907,0.50876
2.19008,0.50882
2.19205,0.50879
2.19805,0.50928
2.20509,0.51025
2.20614,0.51077
2.20807,0.51077
2.21704,0.50931
2.21918,0.50928
2.22805,0.51025
2.22904,0.51077
2.23115,0.51123
2.23216,0.51175
2.23315,0.51221
2.23407,0.51266
2.23812,0.51175
2.25206,0.51221
2.25306,0.51266
2.25408,0.51273
2.25602,0.51270
2.26311,0.51318
2.26810,0.51416
2.26908,0.51468
2.27107,0.51468
2.27209,0.51562
2.27308,0.51608
2.27400,0.51614
2.27703,0.51468
2.27912,0.51465
2.28235,0.51562
2.28308,0.51614
2.28505,0.51709
2.28606,0.51810
2.28808,0.51904
2.28910,0.52005
2.29105,0.52005
2.29206,0.52051
2.29407,0.52054
2.29504,0.52148
2.29605,0.52194
2.29709,0.52200
2.29910,0.52197
2.30810,0.52295
2.30907,0.52396
2.31106,0.52396
2.31310,0.52490
2.31405,0.52536
2.31511,0.52542
2.31710,0.52539
2.32106,0.52637
2.32210,0.52737
2.32303,0.52783
2.32506,0.52832
2.32607,0.52927
2.32704,0.52933
2.32805,0.52979
2.33010,0.52982
2.33205,0.52979
2.34807,0.53076
2.34909,0.53128
2.35108,0.53125
2.35205,0.53174
2.35306,0.53223
2.35409,0.53275
2.35609,0.53275
2.35807,0.53320
2.36508,0.53418
2.36613,0.53464
2.36709,0.53470
2.36904,0.53467
2.37508,0.53516
2.37615,0.53568
2.37810,0.53613
2.37905,0.53665
2.38103,0.53665
2.38710,0.53568
2.38816,0.53613
2.38908,0.53659
2.39007,0.53711
2.39217,0.53760
2.39306,0.53860
2.39513,0.53906
2.39609,0.53909
2.39807,0.53909
2.40209,0.53860
2.40411,0.53857
2.41104,0.53714
2.41306,0.53809
2.41409,0.53903
2.41505,0.53909
2.41707,0.53906
2.41809,0.54004
2.41911,0.54105
2.42408,0.54007
2.42807,0.54102
2.42906,0.54196
2.43011,0.54202
2.43217,0.54199
2.43807,0.54297
2.43909,0.54398
2.44098,0.54443
2.44207,0.54446
2.44307,0.54541
2.44409,0.54636
2.44507,0.54736
2.44607,0.54788
2.44810,0.54788
2.45805,0.54932
2.45910,0.55026
2.46005,0.55078
2.46160,0.55130
2.46307,0.55176
2.46512,0.55225
2.46609,0.55325
2.46811,0.55371
2.46902,0.55374
2.47106,0.55374
2.47806,0.55469
2.47908,0.55563
2.48004,0.55569
2.48205,0.55566
2.48318,0.55615
2.48410,0.55667
2.48700,0.55569
2.48806,0.55615
2.48906,0.55661
2.49005,0.55667
2.49208,0.55713
2.50018,0.55811
2.50109,0.55862
2.50325,0.55862
2.50821,0.55908
2.50907,0.55954
2.51007,0.55960
2.51213,0.56006
2.51309,0.56058
2.51804,0.55960
2.52009,0.56006
2.52108,0.56100
2.52204,0.56107
2.52409,0.56104
2.52808,0.56201
2.52910,0.56302
2.53212,0.56253
2.53404,0.56250
2.53808,0.56299
2.53906,0.56302
2.54005,0.56396
2.54121,0.56442
2.54202,0.56448
2.54405,0.56445
2.54607,0.56494
2.55307,0.56494
2.55509,0.56543
2.55608,0.56595
2.55805,0.56641
2.56809,0.56738
2.56904,0.56790
2.57105,0.56790
2.57510,0.56836
2.57605,0.56882
2.57709,0.56888
2.57911,0.56885
2.58805,0.56934
2.58922,0.56985
2.59112,0.56985
2.59204,0.57031
2.60204,0.57031
2.60815,0.57080
2.60908,0.57175
2.61009,0.57181
2.61211,0.57178
2.61505,0.57227
2.61617,0.57230
2.61811,0.57324
2.61900,0.57425
2.62003,0.57471
2.62107,0.57565
2.62210,0.57571
2.63105,0.57568
2.64005,0.57471
2.64110,0.57523
2.64216,0.57568
2.64508,0.57617
2.64613,0.57712
2.64704,0.57718
2.64806,0.57812
2.64904,0.57907
2.65310,0.57767
2.65813,0.57861
2.65904,0.57907
2.66005,0.58008
2.66104,0.58060
2.66309,0.58060
2.66503,0.58105
2.66805,0.58203
2.66902,0.58249
2.67006,0.58255
2.67110,0.58301
2.67207,0.58347
2.67304,0.58398
2.67411,0.58450
2.67512,0.58496
2.68001,0.58545
2.68109,0.58640
2.68232,0.58646
2.68411,0.58643
2.68803,0.58740
2.68910,0.58841
2.69102,0.58838
2.69208,0.58887
2.69511,0.58984
2.69607,0.59036
2.69808,0.59036
2.70100,0.59131
2.70207,0.59177
2.70315,0.59229
2.70411,0.59280
2.70508,0.59326
2.70608,0.59421
2.70737,0.59427
2.70808,0.59473
2.70902,0.59567
2.71005,0.59573
2.71210,0.59570
2.71806,0.59619
2.71919,0.59622
2.72106,0.59622
2.72204,0.59717
2.72306,0.59811
2.72406,0.59818
2.72907,0.59814
2.73214,0.59863
2.73305,0.59909
2.73402,0.59915
2.73511,0.59961
2.73804,0.60059
2.73903,0.60153
2.74013,0.60254
2.74099,0.60306
2.74403,0.60159
2.74510,0.60254
2.74605,0.60300
2.74709,0.60306
2.74804,0.60400
2.74912,0.60446
2.75015,0.60452
2.75204,0.60449
2.75499,0.60498
2.75606,0.60550
2.75808,0.60550
2.76005,0.60596
2.76099,0.60641
2.76215,0.60648
2.76405,0.60645
2.76504,0.60693
2.76607,0.60745
2.76804,0.60745
2.77205,0.60693
2.77306,0.60745
2.77510,0.60745
2.80008,0.60791
2.80105,0.60837
2.80202,0.60843
2.80407,0.60840
2.80515,0.60889
2.80807,0.61084
2.80913,0.61234
2.81104,0.61234
2.81405,0.61279
2.82205,0.61182
2.82306,0.61234
2.82511,0.61230
2.82606,0.61279
2.82810,0.61377
2.82904,0.61429
2.83105,0.61429
2.83212,0.61523
2.83315,0.61569
2.83406,0.61575
2.83712,0.61429
2.83905,0.61426
2.84805,0.61523
2.84898,0.61575
2.85106,0.61621
2.85204,0.61673
2.85408,0.61673
2.86208,0.61719
2.86304,0.61765
2.86406,0.61771
2.86606,0.61768
2.86907,0.61816
2.87113,0.61865
2.87210,0.61966
2.87500,0.61819
2.87704,0.61816
2.88210,0.61865
2.88308,0.61966
2.88506,0.62012
2.88603,0.62015
2.88810,0.62109
2.88908,0.62161
2.89111,0.62161
2.89501,0.62012
2.89806,0.62012
2.89915,0.62015
2.90100,0.62015
2.90303,0.62109
2.90406,0.62155
2.90506,0.62161
2.90707,0.62158
2.91406,0.62207
2.91506,0.62256
2.91635,0.62308
2.91808,0.62354
2.92107,0.62451
2.92227,0.62503
2.92410,0.62503
2.93003,0.62598
2.93097,0.62692
2.93201,0.62698
2.93407,0.62695
2.93504,0.62744
2.93810,0.62842
2.93904,0.62943
2.94105,0.62943
2.94807,0.63037
2.94906,0.63083
2.95008,0.63089
2.95204,0.63135
2.95608,0.63135
2.95806,0.63184
2.95906,0.63229
2.96007,0.63235
2.96106,0.63281
2.96306,0.63330
2.96407,0.63425
2.96504,0.63431
2.96708,0.63428
2.97503,0.63525
2.97608,0.63626
2.98149,0.63626
2.98511,0.63672
2.98813,0.63770
2.98916,0.63864
2.99006,0.63870
2.99209,0.63867
2.99409,0.63916
2.99511,0.63968
2.99702,0.63968
2.99809,0.64014
2.99909,0.64059
3.00321,0.63968
3.00805,0.64014
3.00910,0.64059
3.01006,0.64066
3.01216,0.64062
3.01312,0.64111
3.01408,0.64163
3.01614,0.64163
3.01998,0.64209
3.02516,0.64209
3.03011,0.64209
3.03309,0.64258
3.03408,0.64352
3.03507,0.64404
3.03612,0.64407
3.03807,0.64502
3.03906,0.64554
3.04106,0.64554
3.05300,0.64600
3.05812,0.64648
3.05904,0.64694
3.06002,0.64700
3.06109,0.64746
3.06803,0.64844
3.06915,0.64890
3.07009,0.64896
3.07105,0.64990
3.07208,0.65085
3.07312,0.65091
3.07504,0.65088
3.08001,0.65137
3.08512,0.65186
3.08603,0.65286
3.08810,0.65286
3.09305,0.65329
3.09400,0.65335
3.09605,0.65332
3.09801,0.65430
3.09904,0.65482
3.10107,0.65482
3.10607,0.65527
3.10911,0.65576
3.11012,0.65622
3.11106,0.65628
3.11307,0.65625
3.11807,0.65576
3.11906,0.65677
3.12100,0.65677
3.12323,0.65723
3.12405,0.65817
3.12512,0.65823
3.12706,0.65820
3.12803,0.65918
3.12904,0.66019
3.13117,0.66019
3.13603,0.66064
3.13809,0.66162
3.13910,0.66257
3.14002,0.66263
3.14108,0.66357
3.14214,0.66452
3.14307,0.66458
3.14502,0.66504
3.14622,0.66556
3.14802,0.66602
3.15211,0.66650
3.15310,0.66751
3.15505,0.66797
3.15605,0.66800
3.15806,0.66895
3.15903,0.66946
3.16104,0.66946
3.16308,0.66992
3.16502,0.67041
3.16603,0.67087
3.16710,0.67093
3.16907,0.67090
3.17006,0.67139
3.17107,0.67191
3.17208,0.67236
3.17302,0.67282
3.17405,0.67288
3.17506,0.67334
3.17607,0.67380
3.17702,0.67386
3.17813,0.67432
3.17911,0.67526
3.18004,0.67578
3.18102,0.67679
3.18314,0.67679
3.18998,0.67725
3.19209,0.67728
3.19408,0.67725
3.20105,0.67822
3.20205,0.67874
3.20408,0.67874
3.20915,0.67920
3.21002,0.67969
3.21107,0.68015
3.21206,0.68021
3.21409,0.68018
3.22202,0.68066
3.22412,0.68115
3.22499,0.68216
3.22703,0.68216
3.23004,0.68262
3.23204,0.68265
3.23407,0.68262
3.24312,0.68359
3.24409,0.68460
3.24602,0.68460
3.24904,0.68506
3.25010,0.68552
3.25098,0.68558
3.25297,0.68604
3.25403,0.68655
3.25607,0.68655
3.25805,0.68750
3.25906,0.68845
3.27105,0.68848
3.27203,0.68896
3.27304,0.68948
3.27504,0.68994
3.27802,0.69189
3.27903,0.69388
3.28113,0.69388
3.28309,0.69434
3.28413,0.69479
3.28505,0.69629
3.28601,0.69730
3.28807,0.69730
3.29703,0.69583
3.29814,0.69678
3.29908,0.69772
3.30003,0.69824
3.30104,0.69876
3.30316,0.69922
3.31010,0.69971
3.31109,0.70071
3.31306,0.70071
3.31503,0.70117
3.31705,0.70120
3.31906,0.70117
3.32109,0.70215
3.32206,0.70267
3.32404,0.70267
3.32905,0.70312
3.33304,0.70410
3.33405,0.70505
3.33505,0.70511
3.33705,0.70508
3.33802,0.70557
3.33899,0.70609
3.34005,0.70654
3.34208,0.70657
3.34500,0.70654
3.34606,0.70657
3.34803,0.70752
3.34906,0.70804
3.35008,0.70850
3.35808,0.70898
3.35915,0.70944
3.36006,0.70996
3.36115,0.71048
3.36312,0.71048
3.36809,0.71143
3.36904,0.71188
3.37007,0.71194
3.37203,0.71191
3.37307,0.71240
3.37906,0.71289
3.38009,0.71341
3.38209,0.71341
3.38312,0.71387
3.38804,0.71436
3.38902,0.71530
3.39001,0.71536
3.39207,0.71582
3.39307,0.71585
3.39504,0.71585
3.40007,0.71680
3.40105,0.71725
3.40202,0.71732
3.40317,0.71826
3.40406,0.71872
3.40502,0.71924
3.40612,0.71976
3.40804,0.72119
3.40912,0.72269
3.41111,0.72269
3.41418,0.72171
3.41506,0.72217
3.41650,0.72263
3.41711,0.72269
3.41910,0.72266
3.42109,0.72363
3.42205,0.72464
3.42309,0.72510
3.42512,0.72607
3.42602,0.72659
3.42832,0.72754
3.42909,0.72806
3.43105,0.72806
3.43308,0.72852
3.43425,0.72897
3.43508,0.72949
3.43607,0.73050
3.43826,0.73050
3.44817,0.73145
3.44914,0.73239
3.45014,0.73291
3.45132,0.73343
3.45313,0.73343
3.46009,0.73245
3.46108,0.73291
3.46218,0.73337
3.46330,0.73389
3.46422,0.73441
3.46518,0.73535
3.46616,0.73581
3.46707,0.73587
3.46903,0.73633
3.47407,0.73633
3.47916,0.73633
3.49503,0.73682
3.49605,0.73727
3.49706,0.73734
3.49803,0.73779
3.49902,0.73825
3.50003,0.73831
3.50208,0.73828
3.50313,0.73877
3.50406,0.73929
3.50603,0.73929
3.51803,0.73975
3.52007,0.73978
3.52205,0.73975
3.52508,0.74072
3.52608,0.74124
3.52805,0.74124
3.53216,0.74170
3.53906,0.74170
3.54110,0.74219
3.54203,0.74265
3.54306,0.74316
3.54403,0.74368
3.54604,0.74368
3.54805,0.74414
3.54903,0.74509
3.55007,0.74515
3.55204,0.74512
3.55403,0.74561
3.55503,0.74609
3.55608,0.74661
3.56104,0.74564
3.56502,0.74609
3.56604,0.74655
3.56707,0.74661
3.56802,0.74756
3.56899,0.74850
3.57006,0.74857
3.57206,0.74854
3.57306,0.74902
3.57409,0.74905
3.57602,0.74905
3.57808,0.75000
3.57903,0.75095
3.58005,0.75101
3.58107,0.75146
3.58213,0.75192
3.58305,0.75244
3.58403,0.75296
3.58502,0.75342
3.58604,0.75436
3.58709,0.75443
3.58802,0.75537
3.58907,0.75632
3.59004,0.75684
3.59103,0.75784
3.59302,0.75781
3.59405,0.75833
3.59610,0.75833
3.60010,0.75928
3.60105,0.75974
3.60203,0.75980
3.60403,0.75977
3.60904,0.76025
3.61015,0.76074
3.61101,0.76126
3.61308,0.76126
3.61801,0.76172
3.61905,0.76218
3.62006,0.76224
3.62301,0.76126
3.62501,0.76172
3.62601,0.76224
3.62808,0.76270
3.62910,0.76370
3.63106,0.76370
3.64115,0.76465
3.64197,0.76511
3.64306,0.76517
3.64504,0.76514
3.64607,0.76562
3.64804,0.76611
3.64904,0.76663
3.65103,0.76663
3.66102,0.76709
3.66206,0.76755
3.66308,0.76761
3.66505,0.76807
3.66603,0.76907
3.66804,0.76904
3.66899,0.76953
3.67907,0.76953
3.68103,0.77002
3.68204,0.77054
3.68404,0.77054
3.68499,0.77100
3.68605,0.77145
3.68706,0.77151
3.68808,0.77197
3.68904,0.77243
3.69001,0.77249
3.69204,0.77246
3.69301,0.77295
3.69405,0.77298
3.69603,0.77298
3.70894,0.77393
3.70912,0.77487
3.71006,0.77493
3.71206,0.77588
3.71302,0.77689
3.71505,0.77734
3.71607,0.77835
3.71802,0.77835
3.72304,0.77881
3.72510,0.77930
3.72606,0.77975
3.72702,0.77982
3.72802,0.78027
3.73307,0.78076
3.73406,0.78171
3.73508,0.78177
3.73708,0.78174
3.73803,0.78369
3.73902,0.78519
3.74202,0.78421
3.74409,0.78418
3.74809,0.78516
3.74907,0.78616
3.75108,0.78616
3.75506,0.78662
3.75604,0.78757
3.75712,0.78763
3.76002,0.78616
3.76227,0.78613
3.76307,0.78662
3.76408,0.78763
3.76804,0.78857
3.76903,0.78903
3.77009,0.78909
3.77105,0.78955
3.77804,0.79004
3.77912,0.79050
3.78308,0.79004
3.78398,0.79056
3.78603,0.79056
3.78807,0.79102
3.78904,0.79147
3.79018,0.79153
3.79109,0.79248
3.79207,0.79294
3.79306,0.79297
3.79420,0.79346
3.80007,0.79395
3.80109,0.79446
3.80308,0.79446
3.80804,0.79492
3.80920,0.79538
3.81005,0.79544
3.81213,0.79541
3.81804,0.79639
3.81907,0.79691
3.82108,0.79691
3.84010,0.79590
3.84105,0.79642
3.84302,0.79642
3.84514,0.79736
3.84605,0.79831
3.84704,0.79837
3.84801,0.79932
3.84907,0.79977
3.85007,0.80029
3.85100,0.80081
3.85306,0.80081
3.85710,0.79984
3.85916,0.79980
3.86306,0.80029
3.86404,0.80081
3.86602,0.80081
3.86803,0.80127
3.86905,0.80222
3.87007,0.80228
3.87202,0.80225
3.87409,0.80273
3.88797,0.80371
3.88901,0.80472
3.89403,0.80374
3.89499,0.80420
3.89603,0.80466
3.89702,0.80472
3.89802,0.80518
3.89904,0.80563
3.90004,0.80569
3.90206,0.80566
3.90310,0.80615
3.90414,0.80618
3.90600,0.80618
3.90807,0.80713
3.90903,0.80807
3.91002,0.80859
3.91101,0.80911
3.91308,0.80911
3.91805,0.80957
3.91900,0.81003
3.92008,0.81009
3.92101,0.81055
3.92203,0.81149
3.92304,0.81152
3.92502,0.81250
3.92607,0.81302
3.92806,0.81302
3.93104,0.81396
3.93203,0.81442
3.93304,0.81448
3.93502,0.81494
3.93602,0.81546
3.93820,0.81641
3.93906,0.81693
3.94108,0.81738
3.94306,0.81787
3.94401,0.81833
3.94505,0.81839
3.94704,0.81836
3.94803,0.81885
3.94903,0.81937
3.95103,0.81937
3.95302,0.81982
3.95408,0.82077
3.95505,0.82080
3.95802,0.82178
3.95905,0.82230
3.96103,0.82230
3.96606,0.82275
3.97103,0.82324
3.97206,0.82370
3.97305,0.82376
3.97499,0.82422
3.97609,0.82474
3.97801,0.82474
3.99302,0.82520
3.99404,0.82614
3.99497,0.82617
3.99607,0.82666
4.00111,0.82715
4.00210,0.82767
4.00406,0.82767
4.00502,0.82812
4.00608,0.82858
4.00709,0.82864
4.00808,0.82910
4.00905,0.82956
4.01007,0.82962
4.01209,0.82959
4.01307,0.83008
4.01503,0.83105
4.01612,0.83157
4.01800,0.83154
4.01903,0.83203
4.02002,0.83252
4.02106,0.83304
4.02302,0.83304
4.02802,0.83447
4.02913,0.83542
4.02999,0.83548
4.03211,0.83545
4.03304,0.83594
4.03403,0.83694
4.03504,0.83789
4.03601,0.83835
4.03710,0.83841
4.03807,0.83984
4.03902,0.84128
4.04002,0.84134
4.04110,0.84180
4.04206,0.84225
4.04305,0.84277
4.04403,0.84329
4.04605,0.84329
4.04800,0.84424
4.04904,0.84470
4.05007,0.84476
4.05207,0.84473
4.05518,0.84570
4.05605,0.84622
4.05830,0.84766
4.05908,0.84866
4.06104,0.84961
4.06213,0.85062
4.06315,0.85107
4.06405,0.85153
4.06501,0.85205
4.06613,0.85257
4.06802,0.85303
4.06902,0.85355
4.07003,0.85400
4.07306,0.85498
4.07402,0.85544
4.07503,0.85547
4.07601,0.85596
4.07810,0.85693
4.07917,0.85794
4.08104,0.85840
4.08228,0.85941
4.08803,0.86035
4.08904,0.86081
4.09006,0.86087
4.09208,0.86084
4.09503,0.86133
4.09606,0.86185
4.09801,0.86279
4.09905,0.86331
4.10103,0.86331
4.10316,0.86426
4.10405,0.86472
4.10508,0.86572
4.10609,0.86624
4.10813,0.86670
4.10904,0.86722
4.11011,0.86768
4.11099,0.86862
4.11209,0.86868
4.11816,0.86914
4.12504,0.86963
4.15004,0.87012
4.15499,0.87012
4.20307,0.87061
4.24106,0.87109
4.29506,0.87158
4.34998,0.87207
4.43305,0.87256
4.46504,0.87305
4.49507,0.87354
4.53504,0.87402
4.57306,0.87451
4.60108,0.87500
4.62795,0.87549
4.68002,0.87598
4.71305,0.87646
4.75503,0.87695
4.80803,0.87744
4.84106,0.87793
4.91310,0.87842
4.94500,0.87891
4.96302,0.87939
4.99815,0.87988
5.06911,0.88037
5.09513,0.88086
5.13307,0.88135
5.15797,0.88184
5.17498,0.88232
5.19800,0.88281
5.25504,0.88330
5.28503,0.88379
5.31505,0.88428
5.33805,0.88477
5.35804,0.88525
5.37305,0.88574
5.39303,0.88623
5.44302,0.88672
5.50505,0.88721
5.54105,0.88770
5.57503,0.88818
5.60899,0.88867
5.66305,0.88916
5.70803,0.88965
5.74897,0.89014
5.75499,0.89014
5.81501,0.89062
5.85105,0.89111
5.88000,0.89160
5.93800,0.89209
5.99303,0.89258
6.08097,0.89307
6.13796,0.89355
6.21796,0.89404
6.24804,0.89453
6.28799,0.89502
6.32294,0.89551
6.38898,0.89600
6.41303,0.89648
6.46002,0.89697
6.51802,0.89746
6.57103,0.89795
6.62297,0.89844
6.69105,0.89893
6.73298,0.89941
6.76798,0.89990
6.80803,0.90039
6.84504,0.90088
6.86499,0.90137
6.88497,0.90186
6.90998,0.90234
6.95102,0.90283
7.00803,0.90332
7.01807,0.90332
7.08095,0.90381
7.13297,0.90430
7.18499,0.90479
7.22860,0.90527
7.27898,0.90576
7.33499,0.90625
7.39904,0.90674
7.44899,0.90723
7.50093,0.90771
7.57805,0.90820
7.62095,0.90869
7.64796,0.90918
7.68302,0.90967
7.74117,0.91016
7.74496,0.91016
7.78815,0.91064
7.83998,0.91113
7.88797,0.91162
7.96798,0.91211
8.01790,0.91260
8.06180,0.91309
8.10798,0.91357
8.14302,0.91406
8.17986,0.91455
8.20801,0.91504
8.24301,0.91553
8.27796,0.91602
8.31091,0.91650
8.38097,0.91699
8.44886,0.91748
8.45801,0.91748
8.49496,0.91797
8.52499,0.91846
8.56797,0.91895
8.61902,0.91943
8.65300,0.91992
8.68992,0.92041
8.73893,0.92090
8.79097,0.92139
8.84300,0.92188
8.88997,0.92236
8.91993,0.92285
8.94793,0.92334
8.96795,0.92383
9.01115,0.92432
9.03802,0.92480
9.06497,0.92529
9.08801,0.92578
9.11495,0.92627
9.13833,0.92676
9.16795,0.92725
9.23093,0.92773
9.29498,0.92822
9.35297,0.92871
9.38898,0.92920
9.41895,0.92969
9.48296,0.93018
9.52897,0.93066
9.55293,0.93115
9.57295,0.93164
9.58498,0.93213
9.60296,0.93262
9.61794,0.93311
9.65795,0.93359
9.77995,0.93408
9.81799,0.93457
9.84093,0.93506
9.86497,0.93555
9.88495,0.93604
9.91493,0.93652
9.94893,0.93701
9.98794,0.93750
10.03290,0.93799
10.08300,0.93848
10.11088,0.93896
10.13797,0.93945
10.16794,0.93994
10.21890,0.94043
10.26501,0.94092
10.30094,0.94141
10.37105,0.94189
10.41491,0.94238
10.45088,0.94287
10.56788,0.94336
10.63794,0.94385
10.64798,0.94385
10.73080,0.94434
10.77788,0.94482
10.82089,0.94531
10.86293,0.94580
10.90793,0.94629
10.94287,0.94678
11.00493,0.94727
11.03791,0.94775
11.05891,0.94824
11.07791,0.94873
11.09795,0.94922
11.12293,0.94971
11.14489,0.95020
11.16296,0.95068
11.19497,0.95117
11.23394,0.95166
11.27192,0.95215
11.30793,0.95264
11.34096,0.95312
11.37295,0.95361
11.40893,0.95410
11.50286,0.95459
11.54793,0.95508
11.58294,0.95557
11.61093,0.95605
11.63094,0.95654
11.65292,0.95703
11.66793,0.95752
11.68297,0.95801
11.69290,0.95850
11.70948,0.95898
11.71891,0.95947
11.74302,0.95996
11.77486,0.96045
11.81888,0.96094
11.95295,0.96143
11.96091,0.96143
11.99292,0.96191
12.01292,0.96240
12.03291,0.96289
12.05794,0.96338
12.10882,0.96387
12.16292,0.96436
12.19487,0.96484
12.21789,0.96533
12.24994,0.96582
12.29101,0.96631
12.33490,0.96680
12.35816,0.96729
12.38389,0.96777
12.42283,0.96826
12.51885,0.96875
12.54893,0.96924
12.58293,0.96973
12.61093,0.97021
12.63496,0.97070
12.65488,0.97119
12.67095,0.97168
12.68903,0.97217
12.70091,0.97266
12.71894,0.97314
12.74786,0.97363
12.77484,0.97412
12.80796,0.97461
12.83091,0.97510
12.85387,0.97559
12.88295,0.97607
12.90899,0.97656
12.92900,0.97705
12.96886,0.97754
12.99286,0.97803
13.01485,0.97852
13.04260,0.97900
13.06886,0.97949
13.08794,0.97998
13.10790,0.98047
13.12792,0.98096
13.15786,0.98145
13.22494,0.98193
13.27291,0.98242
13.28285,0.98242
13.33289,0.98291
13.35786,0.98340
13.37275,0.98389
13.38803,0.98438
13.40090,0.98486
13.41897,0.98535
13.43386,0.98584
13.45085,0.98633
13.48284,0.98682
13.51789,0.98730
13.53786,0.98779
13.55289,0.98828
13.56783,0.98877
13.58787,0.98926
13.61024,0.98975
13.63292,0.99023
